Gene	IUPHAR	Shedding	ebBRET	STRING	Family	Class	PC1	PC2	PC3	PC4	PC5	PC6	PC7	PC8	PC9	PC10	PC11	PC12	PC13	PC14	PC15	PC16	PC17	PC18	PC19	PC20	PC21	PC22	PC23	PC24	PC25	PC26	PC27	PC28	PC29	PC30	PC31	PC32	PC33	PC34	PC35	PC36	PC37	PC38	PC39	PC40	PC41	PC42	PC43	PC44	PC45	PC46	PC47	PC48	PC49	PC50	PC51	PC52
ADGRG2	Not-coupled	-	-	-	Adhesion Class GPCRs	classB	-12.857929686313893	52.75268579930996	27.850933905418685	14.22316254311065	-29.607378567341396	-22.680681765665806	23.645953252745983	-8.889790130226285	-14.594387026767249	10.747748271272364	0.1592644096812299	-2.7649504139994674	24.284343114450518	-21.919294875015808	6.973570419841643	24.114048082053422	-23.266710908541267	-38.474742414803245	-8.695782646551795	18.519344245871444	-0.9563366866864098	-6.041498780795142	-5.5655789270019325	-5.404750358952444	-4.843607004116818	-0.33712063466997816	0.10141655332747748	1.842947010874255	0.219782376768446	1.3081966707731563	1.8052955766308625	4.011284337038613	-3.1427052863624647	-7.665018405870061	1.0057288310696155	-2.4198497159733825	-2.5513912665154725	4.062537629767636	-3.2118377617754312	-1.7570391691004037	-1.3940101760810646	-1.654554124276612	2.3846053826347173	-2.0283028875370452	-2.0305236637312607	-1.4220703479110013	-4.700410719083604	1.2972404416667689	-2.4537253790262965	-3.856640985866626	-4.2303861227628845	1.5849679984288296
LGR6	-	-	-	-	NA	classA	24.89282025463421	59.13835621447067	80.43880578632401	40.7537894623636	-44.6599499093822	-13.467209656173027	25.726063678989032	-10.541350034481328	15.465002308094423	-9.254908103133799	-10.510745142805105	-30.993716621572887	-15.083900069663382	-22.05616618987034	-12.81363061976889	-3.7994142461366622	2.136064007655156	2.911221398502464	-8.927227706877202	2.0927399619308704	0.47909820270844533	-2.3580521126364626	4.149445547662255	8.430409215667005	8.175847810528728	-10.201659762453962	-2.3209454836373307	7.020651335093694	7.09133767955536	1.0416879664404932	5.335578286900342	-2.7291222480018575	-6.88207074519878	0.4539141298803793	4.864714900930126	2.7982721726186273	0.6033503555453038	7.299100888220182	-5.277329084115383	-1.834883317577831	-0.4473808638317133	-1.222588840651431	-4.972401036214456	-6.027297843401055	6.365563876383752	-10.63086953430512	-3.2654886248292896	2.161485054936528	8.108473099021921	-4.794331617602324	-9.237918251183705	-6.915823830624954
ADGRD2	Not-coupled	-	-	-	Adhesion Class GPCRs	classB	-36.11718261804086	67.00603766199787	45.19378090969926	-39.31020630378055	-6.976527353797356	-8.585698937940203	40.92801422470037	-6.730779911869487	-21.055139667147646	8.724381858812519	30.578850951079882	3.8330528965850266	-0.4495803956253799	8.626348822990257	4.879810916581683	5.21630594465885	8.645305020330504	1.0399871434906014	5.511562382096184	-3.3068104917840606	2.548975499042223	-6.330558343985641	-0.20192090606876625	-1.9388761442315974	3.8512727289161055	1.3416123887409521	8.468735371350423	5.064631447565227	-5.719867067905852	0.789222619783726	-0.1271252687695036	-0.3948644989634852	-3.874588600648118	-2.3372007987375145	-7.032294546103922	-1.670168874302766	-0.23326351922807742	-2.775175788156742	3.602946617431151	-5.222688082227161	-5.1852773957553255	-2.6662619367818334	4.593939733488285	-3.786790057039264	1.3959446155807222	-0.07083050349486521	1.9239916559172312	-3.8067330445550445	3.1338814682771208	9.038018632562512	-7.898445525927121	-1.0018141921725252
GABBR1	Not-coupled	-	-	-	GABA<sub>B</sub> receptors	classC	-19.259180748881022	58.56659460532526	17.690235926410406	-8.665609302871477	-9.589182454920552	-15.430199892934219	26.29018053632205	-9.780650163702957	-16.39515650530432	11.112865857893288	-2.073917027422944	-8.575843173176532	22.69141879274054	-21.693349052683867	7.4617164216423175	25.467279031310483	-23.156541105287996	-39.8697126888883	-8.949596208215729	16.426568981884593	1.9386106547244837	-5.231236425734906	-5.680087060756411	-5.611594933982226	-5.204692182696836	2.2834268875564807	-1.4880463488664466	3.9865340975959116	-0.6828535550595358	2.2234350973332173	2.3511202260123425	7.442838492706606	-3.2775482940174894	-6.948235920465455	-1.334888968411911	-2.551209620942718	-0.39892995258074426	3.557777869883757	-4.5172110552634415	-2.867077034278447	-2.492120657163613	0.10732549219904883	1.1062499036395863	-2.3945788704301316	-0.6155465559813379	-2.4680098374144905	-5.320546463144233	1.898678699648458	-4.624844478204033	-4.0536868249738625	-2.0935046404509388	1.8432229722722713
LGR4	Not-coupled	-	-	-	Class A Orphans	classA	-21.40198552621958	70.9521954426629	44.297176023222335	-22.163248281215214	-4.955994058105567	-6.517515014108631	29.178271612563023	-12.156293396119837	-33.35164651744816	2.9464391022432888	29.190537836368502	2.54070473462847	0.8221609929123503	12.034516933415244	7.688894630354635	1.6315349428076857	1.8347751176639044	3.408100981351752	6.8559022022395055	-7.145309530008335	1.3182443828446042	-5.045597333462497	2.275754166724137	2.7673602353321316	3.9335582579305703	2.174983228083132	4.103236217151174	8.715492710198102	-6.063328736152372	-1.2944246333295062	2.9123085417655674	-3.1519894278573863	-6.8627274247844365	-2.053009863015002	-1.4725434397524633	-0.6509899847327306	0.24965550051951887	-2.8819821386933557	1.4366412471987147	-1.9023462635987376	-3.248373679834568	-3.7262932101348425	3.1088807225699746	-2.6531864960650586	3.0424144059747205	3.1368987347390496	0.26282905488135094	-2.5842176804584316	0.3720193143988488	10.862898995670426	-5.409706192414069	1.7913612845246334
GABBR2	Not-coupled	-	-	-	GABA<sub>B</sub> receptors	classC	-12.53762163957819	66.13208200844986	35.455944821286366	-35.015975943913375	14.580726133537913	14.542088290208977	49.35567322639484	-21.535712697827268	-33.07386863608732	-39.829899943928005	42.961925186026974	-5.8356725618552705	-9.912483588480137	18.65290838538332	8.086598462105146	-12.140727635073075	-6.798648227681551	-0.11043330732186463	8.225415648914806	-6.2080743438595265	1.2016004513903056	1.1297719103308246	10.58112888082219	6.960251958740387	-6.800146634882673	-5.88430501702188	-9.681890271222155	-0.5489811751549398	1.3887209253133062	-1.3244676421218127	0.28389923963322944	-4.27084498520794	-3.8950511806595878	6.994328415945321	-0.7757115971647324	-0.6748408049682988	3.9748936849982495	-1.9535774667588632	1.64664987413058	-2.1381349358483095	5.475995760693669	2.737946491485864	-3.3663723986474983	2.419332764504655	1.6556178395738923	0.21500746789518882	3.244736093762568	5.788858477941229	-2.8843249769018113	-5.090402815326619	5.842406221683785	-1.1066117626527103
GPRC6A	Not-coupled	-	-	-	Calcium-sensing receptors	classC	-38.3726128064143	72.09148112487304	36.909628766607966	-62.1600956675391	-15.097710973406647	3.430066201407024	29.46296588170317	-10.178223403413144	-31.21133160740126	-2.3710369417454036	47.11609356252186	9.487707012369125	2.46436513450661	10.385369387658477	5.298106268941612	-2.232367661098767	3.7095764906077093	3.1185864864346544	14.020473909934246	-2.239041626349393	0.5471233419520722	0.21380030992153226	3.3668767987900976	0.877861095358735	12.44103052481093	6.112815393162344	7.90092206147372	-2.0482134015884883	-1.9180007196554187	1.5902218936189279	1.621732321356644	0.05829799070647239	2.7787378343202875	-4.287509885438361	1.2450865143369447	3.0819706841535535	-5.723117896939621	2.0492368773258187	-2.8506005905918483	1.4969588621955223	-2.035750704295384	-2.155349968103162	5.431051865827906	-3.2458284960321726	-1.9533258582175408	3.707313064411257	-2.22386978947314	-3.324298667092329	3.0602444872236823	2.796185083285226	-1.7106722632558597	4.128309809895587
GRM7	Not-coupled	-	-	-	Metabotropic glutamate receptors	classC	-39.467383457824155	71.07599197150068	40.385080128352975	-56.68294992096494	-19.11506259061351	1.1129337053800294	31.820495833758272	-9.56403296481619	-29.581481867488048	-1.228298068763367	46.11137728304113	9.09324511791876	-0.07222833859709812	9.823690463511907	5.220734101923001	-2.017002331096922	3.9335208257822765	0.35985731677712546	13.63485121020391	-2.994014595268994	1.0637892173921657	0.5983659915180055	0.7578447487475813	-0.3950591070170608	10.37635883253069	5.294512720584922	7.755577783173266	-0.6938523227997806	-3.1526026154452698	3.61748881048529	2.744941088540752	1.2257646201647274	3.4591919639022546	-3.0534682333138843	2.1326573675931884	2.053430575631382	-3.8777302543549066	2.3884381190015307	-3.1879563438959067	1.9361180066702914	-3.337038387783339	-2.496116139978539	4.450091086078259	-1.49746181820791	-0.31834623732751505	2.4623086283343487	-2.156537106751512	-4.272046492932982	4.10611927694824	2.4210174722286903	-2.730468209430908	2.451029319426201
GRM4	Not-coupled	-	Not-coupled	-	Metabotropic glutamate receptors	classC	15.704995854775566	74.35451739718405	36.34994067059865	-20.903521574342417	35.05488011701674	-0.7967289802187516	17.41993208892943	-2.956109695559162	13.950015607287092	-25.099734559947333	-9.187553379836348	-33.96098442511629	-12.286192761526005	-19.375288440953863	-12.401146499115658	21.385683791465308	19.311673821333304	5.498802540954728	9.937355919976474	2.9607490425117144	-15.60293029506639	8.57047343418328	8.749265971994749	-1.4980977595586797	5.860204153157991	-9.647386179649569	1.7221798950198952	1.9883370683934243	1.8281544500056734	1.4210943245720964	9.486102285356367	-4.90636726535992	3.6761291250154415	0.9941567344565697	0.6945507858555269	2.683173975763883	2.1200272640679705	-7.479882561564485	0.7992700854187998	-3.3314431690476773	-4.93588984241024	1.0830182141228217	0.3847996575742727	1.406383951039261	8.037528963144513	0.8444797097493553	6.416166771400521	0.4455681811664608	-2.1263924191679675	-9.260202538152706	-0.007367554798246261	1.8964433140422603
ADGRF1	-	-	-	-	NA	classB	-37.246464775066606	71.70521782144884	34.1838987192	-64.5027610137006	-9.954412099822164	4.170051003321157	28.884835605076336	-9.714653929933418	-30.557774763390142	-4.089774551631641	46.96964274262425	8.850630268082094	1.851304888319904	10.547367234492942	5.264380148550832	-0.38735328405346114	3.6709258187658094	2.4193325427575965	14.64716842101335	-2.083491709789181	0.29672297700630135	0.5983681205579754	4.32864410621491	0.6110937569216082	12.033004370533881	5.251298990711716	7.131344223732396	-2.5653319894609177	-1.8579336475057722	1.0939143362057906	2.5340267433680874	-1.0904287619822954	3.4512726819338826	-3.4975867187302403	0.9996302501603357	3.244296907919546	-5.198189362146307	1.1474801567855175	-2.864275862493619	3.3116987782996734	-0.9582957448762379	-3.959517929662939	5.784025614732454	-2.4505016015857195	-0.6261426221458101	2.683839560130868	-1.4595526587689638	-2.52173451467276	4.187991484003768	2.107678880121069	-1.9845334355427828	3.6591692286712703
GRM8	Not-coupled	-	Not-coupled	-	Metabotropic glutamate receptors	classC	-15.684071494441234	52.57080617312291	10.402511392637344	-15.810624349904597	-7.4313812510915485	-11.919395777520432	27.8390540043822	-6.453949246037795	-11.769498536746468	8.063978971135088	2.697695068022467	-7.060005377858136	25.556236804912036	-22.776380541225596	4.823938458196214	27.46917000086644	-23.72346285224376	-42.5989746736263	-9.758171364675452	21.246437594358518	-0.637855897650006	-7.851260823806072	-5.301971886458283	-6.586636028474803	-9.162011947251523	-0.15433060280110747	-2.426047291541768	2.259293096276261	-1.7109558479256977	3.8978172214034	3.1589676648509175	5.780844970952228	-2.3761949230947237	-4.49897463891341	-0.6595405773867125	-1.378743064321695	-0.4039574252111393	1.0409064479291124	-4.396920460888348	-2.5240947793424136	-2.606349935660255	-2.490290609984458	3.6103626456568176	-2.2063005305171526	-0.7329718815619557	-0.9160219338002806	-5.346473606317913	-1.3095440351538639	-3.5940442214329122	-5.334182866569007	-1.3432088002957279	2.2177326765032586
LGR5	-	-	-	-	NA	classA	5.548556152712001	51.3433659342052	55.64870910609988	-29.88376025319787	-15.06204068946649	-2.984289751751034	15.236219251984808	-14.052341590905655	17.914730405881496	-3.837201062905508	-4.215476872875821	-39.93474958073038	15.997979185509648	-18.212298981405947	4.763248421218009	13.275065745865112	-3.2267616990333114	17.019771113994278	-6.994323309104118	-4.271178683220692	-0.3639904366606485	5.166192177518771	-0.2378760873949116	-2.698738969613629	1.049164465312114	-5.900110570960491	0.8021449633944352	-12.758007607873719	-5.918832981794787	-6.8531953955871945	-9.967516550552823	13.791363617140759	2.722690136947147	6.543597082643925	-11.041840564053372	-5.9180998081296785	1.0530318997893942	3.6935890991451035	1.8046851269078295	-2.072977675854839	1.7463328163133145	-1.6040359788793384	5.080570980332515	-3.7759922109461606	-4.131604840167975	-8.742161044757065	8.967000774799539	-5.373870350185633	6.606604460280016	-1.1692872418280646	2.043820050767667	3.7705507552529665
ADGRE1	-	-	-	-	NA	classB	-41.91235090446381	66.44132730662467	34.174575786690646	-66.01858445187325	-6.261644869727353	6.77181237558864	38.024585989803484	-9.628169457365333	-30.205300245983302	-12.658284759923227	50.17017763793181	8.424781540686023	-4.241047648740415	14.80912929294281	3.911463530590312	-0.04260269328956727	6.555886284522512	-1.1829172498073486	11.55825390480734	0.12327992819196931	-2.409522531557921	2.298587648679441	2.2035175017699182	-1.7059874919347022	7.3719471196035355	4.761952287537599	5.910966385186998	-2.390538571545348	1.5028036079452889	-0.03474263245343571	2.3108408151851876	-1.166378251063766	4.936532471652025	-2.743535667344553	3.307826081662679	-2.288335556810024	-3.834637098011637	0.10996371103307702	-5.976245425955588	5.062835184061128	-1.672875726014057	-4.995041448572821	5.855265743188315	-0.12578073053798863	0.7476507673347896	2.8504972672132025	0.35031915571652805	-2.9404331997102395	2.9586511647260214	1.3792383539825182	-3.884531264999712	1.196545417503827
GRM3	Not-coupled	-	-	-	Metabotropic glutamate receptors	classC	-35.75398406483731	65.23346825737764	47.77835750402917	-49.06421132339285	-36.37115963303074	-1.4884666651240401	34.38937048445373	-8.356003642179555	-24.484006861570737	-2.678975812087243	50.32848213472504	16.60518884674207	-1.788024882352928	7.83475007034098	1.7776270372931586	-2.056013469838664	4.159153706354107	2.6100078159082063	14.140841623630381	-1.9394937523598765	-1.6941875375032338	-2.338323483328316	4.178902412829966	-0.30248537872238285	11.938017889100704	4.787635749482912	5.611016954301363	0.7369550582288953	-5.511154841353219	4.4418126642736935	1.8913566441893814	2.4537814277988175	5.76592348362227	-3.9112375969610595	1.2054267856534497	3.8511737353562676	-3.0441972884320583	2.7108908909129035	-0.8971981679824333	-1.1967412595334082	-2.939904440515978	-1.5898047121891026	5.5757383111585925	-1.645581842653761	-1.6731507827209657	0.7498966318856324	-3.509070165373595	-4.784187433683124	1.9133923123723509	0.5934685160098403	-2.123515236784663	2.964535884997795
GRM6	Not-coupled	-	Not-coupled	-	Metabotropic glutamate receptors	classC	-3.402933409471226	70.87874656868684	55.35779039339397	-11.09521077236654	0.026043072022572254	-4.443229054716601	30.068400952179612	-11.432310897708597	11.098693320500265	-0.8554075127106662	-13.51644473603609	-39.13682147884969	-13.809196201121283	-16.003558759085767	-2.5645378138868358	2.994740352205768	10.516797518233247	0.05880998373222078	-3.04951284878933	2.4931064512773546	-5.900760628811314	0.11780227943395288	1.5369262288455936	-2.9043403316888563	-1.7249722758524413	-6.358635867435616	0.22652705418454708	16.800405971993417	5.198074187541992	-1.357640895709666	7.620559391732479	9.834111812097342	-6.4058975552303075	-3.026142098243852	1.757353153306837	-0.0439535984489076	1.399964196313692	9.116667817666588	-10.033028132537396	2.125910888815905	-1.1165451682346665	2.177679792723039	-2.330016002761755	-5.355193105010363	6.2159791928682555	-3.3453373080898086	-5.722691472033083	2.1177321460683314	2.0940083948011674	-8.341285731233624	2.102635290436237	-7.641449426702783
ADGRD1	Coupled	-	-	-	Adhesion Class GPCRs	classB	-42.25063757679327	62.73198844186038	42.964401158897076	-50.89519306050689	-24.710498357622242	0.23761429672749101	39.64988971896931	-7.923733945838907	-25.23498417820142	-8.530483665286303	51.11751237845503	14.267741824384714	-6.580267092043773	13.791474664913581	3.4633287533991792	0.6540995328743096	7.051602202540208	-2.4403262208544514	12.90158455531757	-1.2581822051278386	-6.470074196339215	0.188868188673056	2.3862262897275395	-1.4250196547505494	7.0982817251050685	2.7418614827454624	3.419862763924303	-0.14374713775584266	-2.0164248130148255	4.479763340889583	4.579120457404065	0.3613403714918242	6.899636869862871	-1.6988849410744693	3.678308861569668	-2.4597472632748225	-2.5716352634663737	2.6272750120050326	-3.8357164480533403	1.8320362969288895	-4.3793730952412115	-3.742866993235422	5.084969046526603	1.0460681128241613	0.04484239244836878	-0.7827875618097024	-2.5932621891126275	-5.253666696781586	1.6585765264867218	1.0892356564627315	-2.4747536942631814	-1.057865062654174
GRM2	Not-coupled	-	Not-coupled	-	Metabotropic glutamate receptors	classC	-9.069861295031666	50.362969621200705	67.65154298041301	6.851348422542236	-38.79608575275524	1.3741497724592846	72.02030098091775	-23.298697015501965	-24.735243294028038	-29.41576170962935	43.805043529074055	-8.037194550526428	-14.312437184776584	17.02732118667169	2.9975301878777794	-18.77536276689787	-6.92476701078947	-1.1977604373318602	0.4850517429633128	-10.037799885308834	6.659369017798886	-5.434550465190248	0.3770821891649631	4.2181797693935135	-14.246991684477601	-3.4770318541327394	-3.8142027379857346	-2.6233872362728206	2.364978405768586	-1.2596057475639033	-0.7715028540211628	-4.4367152804467125	-1.351919569277671	1.2754447602317265	1.1817214887005363	-0.30860587103362164	6.657206301612202	0.4632285715123207	5.116742428681778	-0.7735240498418215	4.155241622007835	4.338281136204129	-10.453416630695404	5.816288586655589	-0.3307155568790074	-3.8823919277025283	3.300513354855849	7.34443026932677	-5.608799968961736	-3.7562941350107883	5.462938500420603	-3.1693108612923586
TAS1R3	-	-	-	-	NA	classC	-8.349013825954994	48.71314389747967	64.15543020477466	-9.649432660259214	-38.16713761263935	7.0522081484849295	69.28742327577234	-23.04911629663351	-26.298779928178632	-28.91601976670675	45.6923099286765	-10.405077693648835	-10.758429787797489	16.10487950791857	6.097311173805671	-20.507674136969104	-10.038856778642549	2.286942667802513	3.540801721916308	-9.992156067771521	7.6285606229504745	-6.182458370873243	2.9324087065013305	6.37039547840451	-13.813433120190844	-5.103616094856013	-8.079777715945488	-1.2888236995960312	1.0158579583660592	-2.063005732497606	-2.1049817931180685	-2.771917943365602	-2.6449800254233704	5.752421454581183	-0.4890664015750315	2.3491578553167805	8.119353787945712	1.2278225320963578	7.377326812641387	-2.318599510482752	4.132634151737448	4.171321139664349	-12.16419407107296	4.820536197208625	-1.0165486643142039	-4.693243107577233	2.456427388964706	6.886900368414009	-5.282565356386122	-5.468831991183841	8.84041394153204	-1.9573740503769261
TAS1R1	-	-	-	-	NA	classC	-11.370558049211148	51.91363954093236	51.67091447925354	-23.090512078028976	-16.952534838023645	11.563230441157831	67.26751185975127	-24.0967970044173	-30.38946827856936	-32.74889570608045	42.90268607070074	-9.582875507892016	-11.674425136667123	18.470108336590805	4.972581386514507	-19.746293305853058	-8.203838209514196	1.0693559916073747	-0.6249357428306678	-4.993482699155314	6.435140174592754	-2.1905456401914627	5.409161149289458	3.9552360378713343	-12.669404107744432	-7.947497904649689	-11.746611991909662	0.21144087625619193	2.2584088488666296	-3.208807737078796	-0.35329285699173246	-0.4706559883857905	-3.696108482224299	3.6496248484323823	-2.8546461808630688	0.012977527176282555	6.7746771814656555	1.1210983614431387	1.4735042033883385	-4.854601561789245	4.913186732945586	3.0273519444021777	-6.690460152259046	2.149200483181545	-0.8679915492746236	-1.7653638237572349	0.14213542913768398	2.5608444797337353	-5.714147702419492	-5.528732530036151	4.092282416712672	-5.505675303071769
TAS1R2	-	-	-	-	NA	classC	5.590321469626023	47.01005768558879	73.2320183582168	-10.201710705890731	-41.48788380162342	-5.3106782966133785	19.234537466947963	-18.59100780707665	20.308760975890955	2.4268677817854396	-8.300233257063288	-43.62068525192686	6.757269464246503	-17.49119299028975	5.260892852022803	6.570801160010703	-6.489171407676548	15.16176160676233	-13.580225406281608	-5.165675872110703	-1.4520125333706488	6.042549199704113	-3.3758213819794167	-2.0256222222902593	2.638558556228961	-3.1123620464141903	6.000360089028779	-14.814653193468141	-4.131879782390096	-8.01544574125242	-9.724794165629245	13.075332620157536	0.6937990020533799	6.149495234415825	-8.461189275548513	-5.574177576681143	-0.08708659877898978	5.813612761621755	5.202359851226073	2.235368279001966	2.0539079781696437	-3.405797347831669	2.305505006676574	-5.304068439123573	-4.629977415088743	-8.807540617693528	5.350548285621619	-2.853510758564206	3.733039945162476	3.061168486609936	-1.43169381987108	2.7534134063351656
ADGRE5	Not-coupled	-	-	-	Adhesion Class GPCRs	classB	16.144798400707057	42.26213856591133	77.00323636427473	-14.501562539922281	-53.66874227625464	-4.0760954145291866	13.136909834352135	-18.554157563839887	18.559776384257145	3.47673689919041	-9.077884359001244	-42.488938015995224	8.995989500856545	-19.07014301896536	5.627292798893619	8.426699957069554	-14.15912679165376	19.108588570713696	-13.540313297683651	-7.057363784617215	2.415669370348999	8.194014580145458	-0.8084541608718651	-0.8192004645086358	5.062706736011074	-3.5958468816674705	4.674831999048472	-16.978277192695998	-7.05632756126156	-9.072139664175406	-9.531356656058467	10.70503811575763	5.555973560025092	9.215028524904382	-8.710961735764592	-1.8378720205537262	2.7871319764280043	8.350916772637815	3.0836070190053797	8.71215800612453	2.0676879890219753	-5.1816034854427935	2.65497528566215	-5.346437398926975	-5.3200277860634335	-6.2184170923574875	6.142858656741712	-4.1985470573249195	3.62047931440762	1.1295544164473488	-0.9955286185434746	4.932508934814186
ADGRE2	Not-coupled	-	-	-	Adhesion Class GPCRs	classB	40.99368521203728	100.03863970222677	48.70365653753519	80.10087691261724	33.24816303733492	-10.079405819061062	-9.784926549628935	-27.163048389197314	-39.886085633127216	-4.826303035759088	-28.854872264980905	-3.7620036103825805	10.240133477021741	3.6662005510422446	12.072787572259806	4.847269197382522	-22.167735602001354	8.526802358509606	-5.729020162188011	-10.749128490529156	10.561892316628214	3.4189053453395766	-4.820155620915797	-0.09484969995085234	11.232923828855322	3.30317802754535	7.059660648493008	14.07645246142923	-11.10883487681851	0.8567710552861756	0.275637462355423	-10.801758902567345	1.905554632881033	-8.500605491340684	1.9574744829287687	3.4602179317672506	11.628127443545965	-13.655377052981702	0.1051772569624296	7.545339880528278	-7.980456203870064	0.11662617489520259	16.22449509375799	-12.0276237882244	7.595083852316018	3.3318056397419897	18.65035374053094	-0.3153630573772251	-8.698202347058501	-4.311750220837875	-1.7090657924640562	-5.823940320540328
GPR156	-	-	-	-	NA	classC	4.04225396549184	67.30903727150219	31.24661138825744	-26.415348136498725	44.27298604910881	-5.111042571774247	19.526199999615425	-1.6100530113313838	24.5343866195555	-10.155878020970823	-11.186757140174043	-29.467506630920713	-7.698209307925092	-11.15645118813011	-6.033480890956807	21.326806439625752	33.73733784417278	6.225388514703118	4.630235105208693	5.758426222505575	-13.892276583096013	7.9957359974727	10.82568712502159	-4.043478343620248	1.3002060385807288	-0.6919453226712274	4.736655382466604	2.5275808308641685	4.635346555425283	-1.5800901843545692	1.373752026099055	-4.7674060883905485	-2.4717215986295016	-2.0024056507149384	-3.2915060901588027	-3.3254333693638887	-1.9273263871343391	-5.624054933614098	5.932137042958291	-1.0801188093192653	-2.6236216288635257	-0.06346789069121309	2.3133353813799737	1.0602851607027728	-0.7983976902413261	6.805888243604841	-0.8051780898586747	1.9172016100005393	-7.805305962269872	-2.4332795239451572	-5.326587056681242	1.5051460468794844
ADGRG7	-	-	-	-	NA	classB	0.33713789901104807	90.88159414285785	55.13911072342865	23.678513135845424	20.2701309355852	-19.323711272566655	-4.9857600453011495	4.941997030795705	-14.70115769463477	8.226348569077793	-13.275035749066348	24.654457252495384	9.913813848952483	-11.448016122401574	-7.226218301688336	-2.5719395891546166	9.485239821200022	-0.12222503668601516	-10.607380923933556	-15.381340714521142	4.585911695478538	2.4918500905318557	-0.4528886327711868	0.32984366237958757	2.4550518435489432	1.4774459465384069	1.3472153215793363	8.01889540060993	-3.529263825463968	-2.822038101441027	-0.3015419046681062	-7.053271127906486	-11.34330514218026	-0.5868131858779851	-0.2790270529669363	-7.397696536857124	2.552389044749008	0.5914068450613802	2.4103261004548555	-2.702320271096279	-5.875574084085807	-0.20905565991005928	-2.624722474049029	1.8219237847680199	1.702888507783364	4.539223764751959	10.422820787622138	5.235799899887071	3.396795041411824	5.353506976188086	2.3970046953609248	5.922722446283624
SMO	Not-coupled	-	-	-	Class Frizzled GPCRs	Frizzeled	-3.043470826281997	61.45413755024945	3.2882220441515884	-18.74344530456591	11.918138578555993	0.5273354623851545	5.846132368804802	-3.396050966774112	-16.88723665572085	3.1985210163353486	-4.298545701868141	0.355402118327151	27.08191362025386	-22.052465940161074	-1.3431597818908392	10.581215690343477	-20.573183239400965	-27.331220648035984	2.3452127459765966	13.415096904128578	-4.727164445206829	-4.106631077255881	5.49487657195302	0.6905626420586265	0.303887410743708	2.6296085889735337	-7.259015746650668	-1.6338030844890523	0.5009223976602989	0.7066481601158007	1.5870425259176018	-7.062530542919046	4.379556934355362	0.9008045878724458	0.6536277989808292	7.929944741885051	-2.41688617186237	-1.2962524362386851	5.437769790338598	0.8077048379742316	1.5695825178655374	6.913925340476083	-4.663514158208151	6.1411595861333	-3.5878801583527453	4.893369304116344	6.830805189967698	1.069910020251526	3.398187185447668	4.861907836467908	2.101050209676073	-2.237240845144659
TSHR	Coupled	-	-	-	Glycoprotein hormone receptors	classA	-4.295714973655038	44.52345945369114	-2.3871905441879484	-33.4572189475383	11.4445225866724	0.22177322345354192	18.12266689511998	6.258599974913873	-6.473421895769399	4.129778342264336	4.928270178310456	-5.6362061051309915	21.754034841333468	-19.075977947897325	3.612675535109028	25.815882077279362	-17.578235047823533	-32.6117672800027	-2.239635840760242	16.51396245554377	-6.1685275032712426	-10.109358788138787	-0.31523449133325787	3.208748762468254	-7.811719594404094	4.871496258953162	-2.3994988597828018	-6.092195189642521	-0.17440470773974007	-1.6653143338261867	-4.943852054645018	-2.166966178122998	-1.745600270225294	2.0535934449510815	0.3399164215362452	-3.1087119386046873	1.7449784898045606	-0.33928423067106517	5.950993411195461	0.9539214746557836	4.978711630095922	-5.452171578483491	-2.103858431412126	1.9232801032015385	3.78471650193136	0.5721411831944833	3.2891032314467887	1.4466641194278649	0.6755414032541666	1.818602500441984	-0.1602645999090673	-0.010192917094570346
RXFP1	Coupled	-	-	-	Relaxin family peptide receptors	classA	-1.1747859511366239	42.81450810968949	-2.760119788037666	-32.93732155976286	15.106078428850855	-0.600083073844575	18.79414689917451	7.054808993463201	-5.588278242491731	1.6799541829314975	6.561210285522518	-7.073218030357757	26.27624009946653	-19.402167340342373	2.767416671327271	25.87221642162148	-16.053697238955433	-30.378933970108278	0.6651989561796232	18.399126678230548	-3.892499088607941	-11.519449392008658	0.4080660002766956	7.360172001040932	-7.733091222265836	4.392931106444469	-4.409892580456583	-7.65101261366788	1.5276348633610222	-1.0821372449060163	-5.395761547668567	-3.4710079827267504	-2.5099501656763867	4.549615877996806	0.15036413343553215	-3.2762257627594176	4.526309528386289	-2.7453803456957084	4.862064037747215	1.4723602480501168	6.855743057963466	-4.36515336601907	-1.3414157689606874	-0.1681656970435107	4.221970839866357	1.1003439848395953	0.4461268277928879	3.056039287507177	1.262470178571994	2.3790972566898767	2.625131970192478	0.31349966718130445
RXFP2	Coupled	-	-	-	Relaxin family peptide receptors	classA	25.133311484241744	85.85154875679912	0.22318359225335313	80.59053693137605	72.7799273811646	-5.375311493334225	-18.85910534986755	-14.760679323938572	-23.78932920219218	-29.784240225431496	-20.55346148813074	-5.523794563016528	-4.603783298324425	4.9512048767382995	20.59473077995891	0.7671293621280735	-18.00911471298881	-5.244265900965419	0.14457590361135786	-13.93264420538137	4.23535239883852	3.3457120760097485	-0.2696213686077171	4.286909926305494	10.584970723313603	10.962201016516497	-3.9717069087326715	4.385553634422075	-2.8981195023465625	-9.962820990001207	3.6011353634219256	5.486787072024369	6.826981635220232	-5.7940764424157845	0.7110663490483624	0.2681169345840572	4.255007038085639	-12.363943355899169	2.9697844393050206	-4.636937297733099	6.4119741902854255	-6.777771736327856	-0.5947216321620253	-3.8409642312744583	-3.658518808792835	-7.010630546761704	2.4209872718725634	-7.265400323587146	3.813353853193669	-1.1834257396812136	5.104297259533833	-2.0891201299273767
GPR149	-	-	-	-	NA	classA	34.25059512650229	70.38546699492565	39.60082894669895	-6.419337754787953	38.31920939572095	-5.043580228674112	3.978514099367932	1.4550122114292778	23.09576485586843	-35.46770773701562	-8.382874446796768	-36.211003181207914	3.6355228981048873	-20.282332941687045	-22.797463232949827	19.43788037133186	13.460258173860385	15.328899998540455	14.258204318910469	-1.1784018310845628	-10.068331137815111	-0.08259913827994857	1.5369672192332064	18.14718091394912	10.197810175226495	-0.5407293101929824	-7.53146326961831	7.399920273744354	2.4106334480305946	13.839406288649739	5.413204675616028	-9.829105746136037	2.4528188704140814	2.4608158821927915	2.2024831936131113	5.780484705946865	-5.345456113802116	-3.9607736879359017	8.418610857568865	-3.6469881631549077	-4.063872532858783	5.23133319979792	1.7999440199851342	6.249537440577009	5.755233011276233	-5.04257760045308	-0.35885678680974464	-2.4370425986604873	-3.463078678340698	-6.461103571638916	-2.7974632327030458	-3.8528074820810607
ADGRF2	-	-	-	-	NA	classB	-10.772359122807607	80.8122417835322	39.64095302265689	-10.582094807296865	43.565513546005604	-6.364535914430328	-14.866131398134382	12.246534508020234	-14.819992971757353	-10.253596243545115	-8.787842408489793	21.45957329442049	6.832666369206526	-3.6949411470496494	-2.321346222129823	5.734999526329286	7.843695500644102	-5.807185966007681	-17.76949199372305	-17.97680651748181	3.577479053809503	10.636352206076552	-8.68869832247959	4.18033540811973	-6.98657576268554	0.32724184347415236	1.5906827765842084	0.12383210437299418	0.9049234667545392	-2.066057580944929	5.977060350258347	-4.367780428973172	-0.18641429888001543	-6.724530356487941	-5.500641572745012	-3.633398175794766	-1.1519323023865098	-3.751579136778431	-4.819333268139918	-0.36983958349329493	-1.6524060076361498	-3.7156143490831917	0.4804126418334753	7.617155805736058	1.601551185728494	-3.8548829096115345	2.990799291763452	4.064385375238177	0.34967139084702387	-0.4302748734629734	2.316754293984793	-4.417833058520385
FZD6	Not-coupled	-	-	-	Class Frizzled GPCRs	Frizzeled	-4.3974422100316435	55.48780283781855	6.292643319495731	-30.096243641679646	0.9868929821861573	1.6521522861405744	7.133756463538655	-1.0251050775263366	-10.505691874213655	11.46628259285231	-0.9460517065442707	6.234091987459299	24.143141596207677	-22.120317252129546	-1.0754014643084593	18.11785840298665	-17.262988944572786	-28.113986419310336	2.4525863413408726	14.603317320776334	-5.691717177148092	-1.914136539121854	8.16072882524762	2.259148583630221	2.012580908420601	4.213674810446856	-5.501849187943374	-1.6311632781441912	0.3803076144908587	1.3281991132965123	0.6194022137159719	-7.5920143065890375	1.9164008206326768	0.5459731137337914	-1.2140924934787694	8.652555686847093	-0.5602875367015105	-1.901228416996752	5.744763613294349	0.20650595452589166	2.520294146291055	8.455215286514255	-2.266832946890484	4.439162570583121	-0.5400007139859091	4.169656669449335	3.7851580542894236	0.896273258898292	0.7215059673483223	3.148445341584875	0.9484281023702011	0.0666974305964711
LHCGR	Coupled	-	-	-	Glycoprotein hormone receptors	classA	22.166840980425295	66.91289223458175	39.63302223863425	-25.54784270078342	31.985983555522598	-2.82599204538117	11.089294951381227	0.1330705158118308	23.28975007718835	-23.621425451749683	-12.489511057768619	-36.935700136949556	-9.690284306555405	-19.043605861378015	-12.154800306724175	16.33958891320276	23.385247745301932	8.05869341974807	11.979713223161665	5.518532370991519	-18.14890921073088	10.292313149451216	8.38776579732299	3.64174354155171	2.022832411932799	-2.48685337536304	0.051018544758228805	6.0595427368338175	2.9008942735725425	3.3492877866206943	5.2720187782768475	-5.5485123094834625	2.1741758281325243	-5.796220199863154	1.3322556490807596	4.621696474054054	-1.6108471303298768	-7.629703096022624	2.5733915184296845	-4.843276380019385	-4.26969067314026	2.925006825538619	-2.1922468945456473	5.384768688973571	4.392678211741633	4.367143819007753	5.190017826714101	2.55948793426225	-1.0333117452676137	-6.65754778428087	1.6956198401727622	0.1467528484126007
ADGRF4	-	-	-	-	NA	classB	-11.777748287765867	50.15673083588982	-0.23858080297944417	-38.95292710500024	3.752838128537355	1.3029810043145866	7.313468547755355	2.1400823474049386	-9.590797353727105	6.772452721218507	3.388219242639828	6.258788722340333	28.944107592720844	-21.026478949777207	-0.06223338129497484	20.32010627320481	-18.758476140200425	-29.213443399651386	2.5096048930715673	16.616842441865973	-5.3856854957691205	-2.5679042562969996	4.828537628944229	2.0855974932296975	-0.8357275822134129	3.674662272071823	-7.461278192037809	-2.5562251590568037	1.9729983577314387	2.0698644492368765	0.5431726839392027	-7.66085653262076	0.7083898631233497	0.6199766075512313	-0.14541791104456786	7.3942605208858945	-3.742837972247715	-1.784923264716521	3.7482316326288623	1.188402599337405	0.4055965457930546	4.443818711163172	-3.0003358113920675	4.021569209525052	-0.9723184472776774	2.374312795598508	3.9267784308874196	0.10129947528161248	0.7301476755248737	4.474614170801564	0.203222382406679	-0.9790367850237003
FSHR	Coupled	-	-	-	Glycoprotein hormone receptors	classA	-14.145033600855173	70.64678291890556	47.585047015486325	-28.124718125080435	0.7269263982548675	-17.19806410661167	-36.00133502778064	23.66110332209763	-6.141482516451691	-7.964963584449329	13.653133683807543	51.568182315918676	19.41226085037154	-18.064645064478995	-10.044519503287669	1.102013078567945	22.96285902453034	4.407368043601329	-8.937499789622443	-7.71980445339517	-9.453204414335913	10.38709105858318	7.097608828706747	-5.7308416458260005	-1.7368200651255785	2.4123064488790473	0.1680825177761695	-8.838750818751672	-3.089254982567733	2.4053871153843556	-5.5815661160730885	4.488257557038648	-1.5301962222507486	1.7594007154234965	3.5927624467614914	-1.970307194948889	-0.3653228611385331	3.6899304973660287	7.331573634903476	2.137918646175216	4.916993271240661	3.807068033555859	-6.2328968018980895	-2.037417641330136	1.0161875690886366	0.2780361967652297	-5.020363851961262	2.4191481175260043	-1.3692957105522134	-5.797516598369047	-5.104487607659184	-2.6884376739443527
FZD8	Not-coupled	-	-	-	Class Frizzled GPCRs	Frizzeled	45.52854657428384	62.57139721398489	64.87962141682259	41.80145080351268	9.81595777255205	-12.390053536052584	20.499214238132215	-16.442030782939444	24.95586610295195	-17.500852425959234	-20.255024884718384	-40.5060543872404	-3.1157199766916968	-18.231013105410145	-14.605380226637752	-6.626396729304169	8.203550596699635	6.8040922853347165	0.5861460841924498	2.452084340650975	0.11382821601641019	-4.147973013251101	4.569236609965367	2.24489870080775	-0.9696649240734648	-2.933311192357651	-0.315051985484052	8.88495610017593	1.605935238478156	-0.524686638317731	4.9734616381656185	-10.383789092769826	-1.6945455899224244	-2.1427802522318524	9.877990476076468	6.748277284573921	0.3665044877389711	-3.0414842299145564	-3.205576227938739	-4.49608743098131	-1.456257353337199	-0.8655300266100058	-7.24496017959982	1.8971199810482404	1.3973571974364087	8.318612714039283	-8.162009574341171	-8.807156349662995	-1.966603130954112	6.935723744551366	2.8362592715992796	4.063146546299586
ADGRG1	Not-coupled	-	-	-	Adhesion Class GPCRs	classB	-8.967889545710593	65.11411731462053	41.34851662282751	-52.38540619391763	11.146752085773727	3.534804057559678	17.548704474187872	-7.390549136605762	22.612756243482263	-14.308853932743753	-5.905344678233138	-37.34061747281766	-4.544509324812016	-16.557476694785155	-4.979965882757656	12.76164081325421	14.083485862539685	9.088417931526854	-5.250726531371939	1.3071352203931348	-11.088075515425723	13.17094050057335	-0.5852391835819692	-9.777344592924011	10.025553490715694	-1.0634398741584001	-1.665413061211397	0.4740170307813362	3.0830773912637333	-2.7341800941746666	-1.8011342469062483	7.238343077446466	1.3110414095371055	2.343622234356811	0.03715396123992116	-4.880209206916756	-4.257776548114314	-2.538469398539475	-6.852168540721279	2.0012798010891313	2.9500869392313653	-2.784514478069413	4.428877150659749	1.0456229614347976	1.6848527769421286	4.561924086117141	4.810920417872856	-0.8853393774206063	-0.4271074839356099	-2.712500601353271	-1.5515059603980592	-4.235889485192991
ADGRL4	-	-	-	-	NA	classB	-14.911307682023885	75.48708329664822	36.71597217902322	-30.52433920502232	44.27088820843642	-4.227454560091527	-13.839734813873022	19.091767720043137	-11.825664175873268	-4.698919138023609	-2.7702993309104107	33.31350362145643	5.038035222938822	-5.35617956574142	-2.8358469164436215	5.303156165777893	10.288391535974668	-4.555015291772666	-17.4749074632755	-15.607871512994675	1.1361714729907655	11.186409810168069	-2.8864225397298204	-5.008742364298849	-6.89295249941814	0.27105654591916994	-4.577108705951962	3.820508998178812	4.529133245979949	-4.770056290473448	0.45653065960568173	-5.679367288273679	1.1144285554096023	1.5503080377566776	-1.8813773852663342	-7.176824206231722	1.7513637083548101	-2.4156910776345955	-1.774339984221144	2.7137953013595815	-0.2854781347462483	-4.71718992198035	-1.5299335678588541	10.925015999314288	3.747965334894004	-7.923213415502407	2.6510486520873218	-0.18338841135053308	1.8719303123129096	4.432436362152034	0.4020222450927986	3.1703193615213134
FZD3	Coupled	-	-	-	Class Frizzled GPCRs	Frizzeled	14.651825682280345	48.836593089887266	65.0712501119206	-26.7728669070143	-30.031804850191506	3.92212326705089	10.057965603779174	-15.75102396239673	23.023933042260246	-7.997293736374655	-13.018315051877515	-41.080467394547654	0.15797634508649397	-14.561923144539126	2.978649132297366	9.820029640456934	-4.092639521009915	15.20965685707877	-4.76638711771885	-5.721962792560431	-3.878699957449926	14.66591772785086	-3.4656626126720615	0.8481819315198624	3.6940914843297934	1.9473168834737336	2.1250151822370276	-10.600850401808632	-1.919555717543085	-3.3969714360356686	-7.009524731559969	7.954253784497634	3.481707273634374	4.755344923874771	-3.3112673252839113	-2.1168995067319276	0.38756862101302575	3.5819647128505894	-2.8384659522989493	7.098081194489275	1.539520377264231	-0.6032965233103605	1.8986478391349388	0.2505429106222338	-4.451438766416374	2.7906032475882347	1.3828281316094473	-2.3143480520923903	1.179206011986068	1.4156704190571188	4.089409522448258	1.2143188864241545
ADGRE3	-	-	-	-	NA	classB	-12.079694831271498	69.53791724255089	52.07480987231954	-24.716543520674534	2.723738419904634	-13.708139508781091	-25.972975071964008	21.16610273724729	-3.1778624845772074	-6.447904581326308	8.011494659347138	38.52974977182544	19.95035975142641	-18.202282637925272	-19.50952129045588	-9.561321545787568	14.28680107130421	1.8589222691950884	-11.419532325327056	-10.310397508170041	4.211340590930482	4.739801361651	-3.453185919735383	2.701826192451955	-3.1757945324162096	2.1844068737067106	-1.6327041321674451	-4.944170057087257	-0.20006396788556485	1.964508510661409	-4.970400188701894	4.640598018230508	-7.063003580607808	-3.004471806397692	2.816771176254519	4.007485313556946	-0.0703914980265946	-0.5536893141970205	-0.06201233594881377	-1.5915736664251872	0.7798143684303541	0.612113430755619	-1.9161154315335973	-5.618699559488243	1.094890296418813	0.01890966136837847	-3.792141289005852	-0.989863923165535	-2.2789194792957232	-2.6570495700112446	1.873978065650682	1.1283330667
FZD1	Not-coupled	-	-	-	Class Frizzled GPCRs	Frizzeled	-9.510380841256325	12.402753904782688	-33.90024874814713	15.35920621369362	36.945300370208905	-29.56095234218317	-42.51076987357981	13.755575761341289	-1.8832879219708265	-47.69564864152671	46.038012377435834	6.870849965433238	60.766117931715875	17.3162730270325	40.447713186344856	48.45225062932849	4.281132142742798	46.35068320025592	-16.4999972426738	7.234218886457563	5.8942618119216945	-6.207311455230768	0.9895127733344115	-31.001365321810518	-11.180618007070901	-12.05357204944198	-2.689375976800052	22.739406930819964	-0.266443436251781	0.04533057926943432	5.528383266526713	0.08466732703331821	-2.5005961907905165	5.7078534546793644	15.591941080778781	6.682702851621723	9.865688342715922	3.497967020101234	-8.763359881108075	5.019304504649869	-1.3423405216169997	9.530523611476998	-4.8168394704537185	4.60498344556469	-4.076916475993068	-2.243970457578832	-5.546727348127415	-3.1555867078221778	4.212707127060018	-1.9000914046376545	-5.711377770719542	9.642821275207725
GPR50	-	-	-	-	NA	classA	-3.1692219003391617	35.43903410369172	12.08687980774677	77.52817429766182	20.71354096466552	-47.245584179189414	-15.8470714559568	1.8445025260446037	-15.482971954769884	-19.8894380972694	8.269649618375817	-14.169811450288172	30.742272153598496	-8.843812003538908	-14.647558549099475	-31.617614590928643	7.174353396534377	-3.094182262009308	10.576397382811638	11.857710570313548	15.560497277925277	-2.133522450046584	-10.036294791045933	9.06069512557033	8.182806599112292	-0.7843642624903784	11.443599657821162	4.752059139320497	11.829848180492457	-3.2133579675776343	-20.850689970348256	3.364403016272749	-10.528615720018054	-8.996534076636939	4.389459427611863	-1.9900938642120336	-3.754151274376464	0.8055046157816409	-6.859709129062474	-2.8952174371393924	3.076852937027654	2.3567329195298043	4.509055419113953	-9.166006428257418	0.8963850232627689	12.819411917851747	5.335588592673607	7.990137581290184	7.941911876526728	-6.084598230868429	1.219906406882042	-0.28122095460913726
GPR37	Not-coupled	-	-	-	Class A Orphans	classA	16.746494934793887	64.1143109770577	6.0087301612811554	89.30931804331875	27.45901245940984	-15.554168322689932	-8.032746999659985	-0.9576531664437966	-6.647140085557938	-12.634686260550998	-6.797835652092263	19.776344323725567	-1.7497609996698036	-0.05484964329681869	21.84318047293198	3.294367437898181	-8.280090545417046	-8.009659981036686	0.17026745670511997	-16.382095440924846	-7.324887815107149	2.1983615657119144	11.626532310924778	-8.238981314690093	23.206436963396325	11.536024684161733	-3.3345981722164657	17.99367903734772	1.992172906682434	-8.671339620593933	-8.065757751056088	2.8520959255031633	-7.485611451072592	1.851110314039926	-2.5211626094323814	-8.298319338699933	4.209805984997289	-1.9937398224844836	12.637411566472556	-8.41551078928267	-8.664137793706717	-1.7858940299132837	-0.30597617148712064	-0.47334090942124046	-0.527446608553034	-7.024648852409149	-4.506241523190322	-1.1599554765023004	-1.916940063768873	-2.0623218651837734	1.4776320245224446	0.7206053346808063
GPR153	-	-	-	-	NA	classA	12.798846663637764	82.46564387704079	56.362487971017664	19.118373676926353	17.787861402660848	-7.143735612665238	14.52564367429767	-5.166471173912242	-29.733274490222133	40.20702248647863	-15.18804618944538	-6.954380818428892	11.461341811312055	1.5792378369442996	-21.135842675605456	-12.209979094983302	-0.5327434988102039	13.98690755437751	-9.526057805186943	4.97510207691861	3.7258986640996272	-23.04830562854055	-3.8607862463567986	-13.037873159950735	21.838940838411027	-18.472465999973522	4.977912033025283	-4.454369166982995	6.008922229550596	8.764948515903903	23.662312479116295	16.17089284765557	-0.1187764832568158	-2.1925025783679275	5.3091129565473105	-7.514507147080881	-1.175575185912225	-7.902969909693829	2.848629186507951	-6.3061245750620625	13.24312778620561	8.265562854001297	-5.658038148295806	0.3055707045616798	-10.690189397063017	7.058802043803116	-9.359002724093587	4.051564320482969	-5.637843998615313	16.455083188583377	4.718035028951113	4.057812211607216
GPR107	-	-	-	-	NA	Other	15.495709321136182	58.94061958717439	51.87111757816929	-7.023830465532099	-6.34242188180557	-6.35734620708484	-48.71283021815987	2.830911254941504	14.28622415471822	2.7421902219268373	-1.9166717143460161	-3.87191562741663	3.110537968257352	10.001448696940049	6.266487241767029	-14.80466721545853	-8.191598852757853	-9.207126911153303	6.057776728067173	-1.5953732006281576	-6.617227432635704	-2.3818247724754222	1.9934924744405749	-4.9842352622246215	4.966880773402412	-2.765762936119281	2.7583673017518175	-1.1965979222351855	-3.311717523915777	-1.2678510274199015	1.565163983169282	1.2174355084252313	2.2751168401150053	-4.917719703836888	5.062689621325505	-3.5322653259186274	-3.972381456891586	5.0237975532488255	2.2499491383239976	-1.5532801638824167	-0.499010112216802	0.4991460091214343	-3.637930133440826	-0.5143886783482684	-1.7860483176012116	-1.738766618724526	7.6168562552962085	-0.5075013347651994	1.360628386336646	-2.943500367059089	-3.6109417617041863	0.050008827759744204
PTH1R	Coupled	Coupled	Coupled	-	Parathyroid hormone receptors	classB	-12.43373979285184	66.43907960416841	58.76610183246178	-24.230255127509	3.763026433413155	-8.58719159923287	-8.882726101339017	22.07205360719412	2.126583524542578	3.6752455339154038	-1.6718354077292843	39.32677616947209	4.64615588078293	-12.913338531459026	-17.898574396253682	-6.661961038268924	14.261614465224328	-5.199417550789131	-17.369420427655232	-13.92250724255664	-0.31912831843835143	7.628873793232772	-2.838714147502426	3.527483469509795	-7.900826858433553	-1.817975308189219	-4.460698152954647	-2.080509499914905	-1.162106103689151	0.32238292419818193	4.658410316092873	-1.380237532539119	-0.4744193648282654	-1.849376928730202	-3.2919679940178375	1.0313330346141854	0.9002330055911004	0.6851927044613718	-0.77050583916449	-1.2149515722302253	0.7306469796316428	1.9944210236612137	-0.24538816339507621	2.0165409572335324	-1.2935634391803563	-1.023007059595723	1.5633299016817297	0.46180627163958865	3.589589134205436	-1.9728301620425666	1.32137208421319	1.1470873243294726
FZD9	Not-coupled	-	-	-	Class Frizzled GPCRs	Frizzeled	-41.67542765784908	65.13760278053397	-27.84053070922898	3.360536702572098	4.090446739724798	-11.885709279314872	-17.267235629328802	-17.29650093987167	-27.985210859572813	23.488775454580775	-12.849130519181443	-19.25285921395719	-5.055158255607153	0.09519558078352569	15.572039181943664	-3.633971959657375	23.778589690710163	-7.358043513122601	-5.97401597441708	-5.655773447966246	6.501300927212924	-12.90157771242672	-4.319434519331576	-4.4044674573115365	4.794149268209581	2.3803989261207446	-10.343903812964927	-2.34992046873251	-7.639335798394033	-5.211989672122708	-2.6971030628882975	-6.867314490754877	14.46452363736699	3.4817858679788105	3.025573544845778	-4.906243406769637	-2.892921855688201	1.8766868661064902	-5.0648804533525436	-1.180439070980899	0.1706770254674305	-1.2892372747208807	-3.236425981467583	0.5440485205306724	1.1962659816396044	-1.3149580140746426	-1.0710080807366194	5.7804872482322915	0.3833458484819898	-2.2830473007812797	-0.3885524191352796	2.281700063771969
CHRM3	Not-coupled	Not-coupled	Coupled	-	Acetylcholine receptors (muscarinic)	classA	18.630177210130448	64.0676014983743	3.7800918251085593	85.63295988173607	22.022922588615426	-12.470214975863975	-4.284094831028261	-6.024170021626716	-10.005283915719433	-10.743651851013299	-14.548435939140363	13.520837021085837	-3.863381549847409	0.6767054284743306	22.332337137234845	-1.1968711597586141	-10.896839424486208	-8.480949560395556	-0.4631618977605044	-15.032454165814999	-2.4118626654992297	4.741522822396247	8.71152054875954	-2.4702049964448074	17.62124625707193	11.082409255275504	-1.1320229950349208	9.188916568212631	7.044341745358701	-5.984656263684341	-10.331673389743292	6.77618819043657	-9.723944564097115	-0.5248952273528993	-4.2405962452296295	-6.6493645849951495	3.481368614277888	-1.8559425301708274	11.669435462581506	-7.828657080011198	-3.866919491696576	0.20581775223491708	-5.534597590549668	-0.5756565440586372	-2.3763277293668863	-4.85405570255944	-4.598408786588695	-7.428342232361266	4.266246123588274	-1.334190439121998	-2.3072617665691766	-0.5451319894515152
GPR162	-	-	-	-	NA	classA	-14.628190793702487	63.08699728372625	57.044910998635636	-40.42235896569323	-3.310397804300016	-3.509932857198898	-20.83078929123472	22.678772696305195	-0.2683360733739229	1.735897566033508	2.1393457263065105	43.67543400353284	8.438634390782129	-14.529585053886663	-15.860564951993902	-0.9310279023907616	8.921228298893894	-0.946820648151738	-15.603477910834684	-14.249203169970068	0.3097900119436565	7.906597134050052	-0.8902865061358287	4.435301172064376	-7.444448742523181	-0.7936978106511726	-2.3362336764956484	-6.875126583504259	-5.412219814632474	0.030360081938997894	3.620259120178933	0.33559235562706363	2.377256870132996	2.4361460396836407	-0.592872034207265	4.404240579527761	1.1364804443981906	0.746728558989965	-2.3622434956921166	0.3847490046928311	-0.2778372300722389	0.43291503189671077	0.6700344929140069	-0.5265041856200209	-0.2636686249347429	1.3259976310449826	-0.7166147302128777	-2.3949722286683204	-0.26002999896293244	-1.7857005523708942	-0.6375781272027142	-0.35356009646201586
FZD5	Not-coupled	-	-	-	Class Frizzled GPCRs	Frizzeled	-12.333555201989888	71.64857432816555	48.98621431443218	-43.75384537767127	23.629836247843926	0.09824690026910016	-12.351778320663431	23.875044569606	-1.7744800285238302	1.2545477087426757	-1.8309416152300932	37.58574424855132	6.598349111641834	-14.211272219025426	-18.34860331952925	-4.715224617275525	13.515595574738057	-4.313352078945842	-16.73683738884594	-15.518111552479109	2.2399157828487506	7.193771574092385	-2.910007297959954	4.760807942673231	-9.147996770025022	-0.6274219844790984	-2.374004010587764	-3.8941062956258694	0.9920679698248664	0.7076268748612097	4.2327197958320415	-3.5011807174614162	-0.0038780018137624626	0.3592515548287278	-2.9296849077856337	2.004976821270452	1.7939349292993945	-1.2023223244821462	-0.19599835692716086	1.5095937679104547	-0.2536251345592599	0.33212519208603236	1.2193491196041755	2.3735320641203304	-0.8823886487309063	-1.3657514350501818	1.2995764209548535	0.6586737395853534	3.7636421942513203	-0.6367371164105387	0.5473918823461676	-0.33532442099155524
FZD10	Not-coupled	-	-	-	Class Frizzled GPCRs	Frizzeled	-14.114453972669176	66.52140029734076	59.15082582110394	-42.20008202342607	-4.9830142455707165	-4.088663950743235	-15.91202630757342	22.79148355174321	1.2422608380876639	4.670746141510876	1.4834303658756396	40.92007843879889	11.531967883284112	-19.66507973889051	-22.133409017648223	-10.579747928978005	8.617298679696608	0.033212279034025044	-16.80430306836754	-15.464486930592125	4.193832830799758	4.005222120805532	-3.0027452317398122	2.358943004522128	-6.619622331460803	-0.38384181496819647	-5.216049428206742	-4.123410393155564	-2.0709517150580257	-1.7258595903903202	1.8024539179641406	0.6594595905642767	-2.1671937559981567	0.6510204430268428	0.22443184509039615	4.656142423982849	2.663241301945966	0.418699338557768	-0.5752899800247174	-2.1782083777060923	-0.9274792286060868	-2.1634336310315767	1.2159172770827062	-3.6779430206513952	-0.7122583200829793	-0.23049814010817973	-3.498816335620652	-4.240632008020199	-1.099757527087227	-1.366351132738293	0.526482436011148	-0.3270156309123578
FZD7	Coupled	-	-	-	Class Frizzled GPCRs	Frizzeled	-20.938639509758076	45.57861792084474	-15.96823961504855	42.39817814475463	-27.88538515923227	-12.007825265012146	-33.13034788275474	-17.239019691692096	-17.7125333076164	-17.348974465086705	-1.0311267623995943	5.333661785254042	9.383795749331895	-2.8452444233051586	10.52819505423842	-2.3438799485381385	5.482221101166533	2.7818069471792453	6.74221935441667	1.5520277716996733	-7.035109728071957	8.984791542046388	5.8300239567070635	-8.953069749149845	0.6065387005526938	6.508842563645252	-0.4641803446814278	-3.522645416312603	6.608394580618963	6.860135344867628	-1.6002832094420716	5.50104683924297	-7.258270229949162	2.5707075105091834	0.9277654150540777	-8.374383157059738	-3.3746271397741965	1.9289852778660725	4.838964552538872	-4.619845257767572	0.3119943623005835	-3.609771165717669	1.2319099211831435	1.4306990835602789	-2.580964030011393	4.1936239166752785	-7.467311784443501	0.1962494778415822	-0.28765030962894605	-4.8988807783230826	4.204930970622308	-0.05576365606066249
ADRA1D	Not-coupled	Coupled	-	-	Adrenoceptors	classA	-13.958933852487593	64.30173846095815	60.413280059281256	-45.95384342857893	-5.090649793030686	-4.014173291044905	-16.75076882104267	22.850440058372126	1.9436503111930876	3.8826658411963284	1.8880659634890469	40.67081262348247	11.915808520180986	-18.32603711113946	-22.164294126150875	-9.084214640130753	7.557973645837863	0.3622945098318671	-18.734781545144532	-16.58317567877575	5.663337067378539	4.0623174928804	-2.5510345202644107	2.9982067807087995	-5.770351912704548	-0.6321040150595137	-5.696320425004795	-4.605032963813957	-3.14914927744736	-2.129059104764758	3.4268138852421623	-0.5422426260745933	-2.9587034066757893	1.9160913996761813	0.37234854331327916	6.3083069840992625	2.0135922280187066	0.007871952842325497	1.2592591520511027	0.16781668137743933	-0.6707940744035487	-0.8904184658046568	0.27654102228476957	-3.549275663571234	-0.6601202572959328	1.3538578335788616	-2.9007902015405698	-3.076053312689615	-0.3760888868148085	-0.4620321636244629	-1.0444913986416764	0.45307761412821396
FZD2	Not-coupled	-	-	-	Class Frizzled GPCRs	Frizzeled	-1.8620042240198302	89.80995779962295	67.91915199611891	34.82529329667693	-3.263053373033845	-0.7939641548662739	-6.4194407247768055	-13.32391821742523	-15.82506515409548	2.818221127731512	-38.047461023944514	11.696289110193884	-10.123524684605933	13.56710315405356	31.47282311829713	12.298021165357826	-15.156949654175222	5.526417148581273	-6.238970357626914	-15.858204192539336	3.94382557514821	26.229766270388904	-10.18549800904735	7.88089396915964	4.507811475180209	24.520977989226747	1.696963215583608	30.06120784786981	-10.036218367199503	-3.0618419315112666	0.733412503346062	1.4696579404973333	-8.186807636625161	-2.176651460876846	-1.7423463102764447	-2.877534087854482	-5.883953436007408	11.44658342586115	-7.668226070541269	19.24916536879839	4.619788131450066	6.549974043352206	-1.7485987712512174	12.698507184888834	-6.075148138790883	10.412550166807183	2.0713062128110304	19.126193308951553	-2.645115687497244	2.395383503444794	-3.208488784559252	-0.1016032748694864
ADGRA1	Not-coupled	-	-	-	Adhesion Class GPCRs	classB	38.58427960066747	43.73501479470925	57.73670195894658	3.7476249528296215	-8.984557467738831	-5.716658215012638	-38.17655821094544	-0.17507853017937544	25.152061756770824	-7.30981307480389	-5.293229159728255	-13.373473175492036	6.52013332103325	17.995934674936365	4.782575861296025	-15.657666003570974	-9.656901256359504	-10.156174226373038	0.9496995428556724	-3.5133836636809934	9.763437000421355	-3.2239699843505107	-2.7642864669360563	4.201935361124663	0.5990756201844261	2.29752564024452	0.4104530409433025	-2.439065169397721	3.3890178532993764	8.602112845936198	-0.9725903563555796	-4.6496699261990635	-3.4639753083548186	-1.6059953368854316	5.150251297023405	-3.190188765290085	3.4336446460679033	-3.4525921026683526	-2.4778329159687735	1.0494355598601468	2.8017027917226907	-0.9738542115403359	-1.572470595224198	-0.32851671977005703	2.181954436284267	3.074399129843562	0.8087237703070637	-0.5513154846926307	0.6615029556929534	-2.257145890186734	-0.5461885654218982	2.067917102625016
GLP2R	Not-coupled	-	Coupled	-	Glucagon receptor family	classB	16.364327081450714	56.6205807834334	44.20201197558801	-30.163985254185715	9.712974622212293	4.2709409110004835	-50.88425470979829	7.671334196754444	17.400990045143406	1.8793823626394384	-2.187979308837914	-4.8489037869623886	3.1299686496546495	16.421119977083485	8.223439271345587	-9.24265300641637	-10.59469423057709	-7.3764413118482715	6.647364371184675	-3.2961666866732826	-3.7639458798201066	-1.3871715552294461	0.2657062207080061	-3.019054022791581	3.9262499107869235	-3.3610597517139382	1.1524937112848712	-2.85598642865015	-0.26166881837545847	0.7495107046215806	4.259624517845385	0.42205397012385937	2.702800064118146	-6.11814885304845	1.388835861402773	-4.991633105518219	-4.121654861339646	4.375112023490304	1.5872889959604088	-1.3912477266253926	1.3062083894425254	-0.4570077468889577	-0.7292886236193544	0.6407414747656656	0.23468431084534147	-3.3326832234829036	7.135313858231428	-0.35795453076721245	0.4594868789203955	-2.8875752879427963	-1.2143662249861178	-0.7913849657774682
PTH2R	-	Coupled	-	-	NA	classB	27.83699951906268	47.39870223465254	67.04258968443547	6.873460713686261	1.2957093207377748	-4.559648126056822	24.75749605569569	-9.931180648022229	36.84630642657209	-4.73413415893087	-19.355604916760665	-40.754202086546734	-11.607300562241257	-11.597057762236435	-5.922899197076201	-0.2927922327666449	19.85352401648007	7.274295250471883	-1.5251282398307764	2.8415753663068086	-5.957330266390969	1.5632008796906967	1.8637881567386403	-3.702167576396952	-7.12109391002271	4.092349494153776	4.19534517770293	4.987925233169051	1.4072099799274755	-2.6327802110794725	-1.303816923971823	-4.695523494478325	-4.740467635921882	-7.399407774323192	6.357267214598538	2.139989692237094	-1.0605530273531176	-5.800905594144723	-2.3498115215508917	-7.407261375037111	0.9018867844106697	0.8966331954136084	-9.316370436789812	0.28174154619070646	-2.0926920532847872	6.392245969260114	-9.651880882652607	-3.2797616276008474	-1.8633633687218711	10.484935242134089	2.141651478637553	2.0932260452185623
ADGRG3	Not-coupled	-	-	-	Adhesion Class GPCRs	classB	30.426282141558712	50.79705363397074	-51.60540302733318	57.064399361942286	77.50017634062114	-10.467319707999552	-18.770385566482275	-0.48032059283041145	-3.3228021083997064	-29.01388110015586	2.705776791580268	-5.199433411943357	11.828414162494461	12.863494964399225	3.9416763809665065	6.476605247744887	-2.5011064473307676	-4.383860085275009	7.39390950767472	-9.75525938609563	-5.68205991830982	4.870597119744399	9.547843098992034	0.5706175375463901	0.8549194100947703	-5.9433815994105785	-7.178198649134342	-8.410346521871666	-10.161849226099568	-1.2487505480371084	6.8363910668697825	-5.580035020578709	7.192783099824129	3.047929561549283	-7.858903672013581	11.483585906948601	6.236128668198936	6.13778430335308	3.2168968499343045	11.510683645615186	-4.826704681610575	-1.898725754097381	-2.5957573766001105	-7.974952394528838	-0.8697424986787098	-2.359947999742355	-4.656741012653698	0.37080205158602664	-2.1493993110247462	-2.274081345888183	4.270569497237391	-1.3779415534255748
GPR75	Not-coupled	-	-	-	Class A Orphans	classA	-14.135341268538161	62.0603762439122	54.309167801332	-50.94566673156434	12.034895536153222	-0.8332525514716386	-10.945477139294509	27.931960423257784	1.1161426351377406	3.5284897306103455	1.3925812909663196	36.9574391441204	9.155778183949526	-11.009992073569599	-20.141618258339214	-1.0548673017550734	15.633173290276927	-0.6029215587757967	-17.622469595382334	-13.026263720456635	5.963168398234527	8.228956768442357	-4.788041232536199	4.924141696161303	-6.571710470732049	-2.7848455150298363	-0.01767559438889243	-5.403294555352382	5.131469946278107	-2.750539942882277	1.7990406255137192	-0.15327024420732605	-2.8648223740755383	-2.687150473218336	-5.448951423565502	3.7472336050398076	3.001744191918262	-2.0423304678164627	-3.5275576793776544	-3.034961047781293	2.8884077546296103	-2.178598567030541	0.3530191957854344	-3.0460748103121436	0.6932895195483934	0.5239638291760611	-2.910594948739981	0.3810198859842385	0.504400624320215	-2.7254693358603164	2.423904739722178	2.1775622698144708
FZD4	Not-coupled	-	-	-	Class Frizzled GPCRs	Frizzeled	-38.8435689795827	56.67137122673037	-25.22269509173816	6.03875042031999	-7.107337859371622	-8.155329328050616	-18.599839727719385	-18.19178831773058	-22.556328806550024	24.842256297216448	-13.654434627245635	-15.129456634064518	-7.71825171160448	2.4252056274008655	13.117384738260233	7.024175876399859	22.243159091982626	-6.2511546590458105	-7.291493123231047	-8.391953027199857	9.938026684469424	-17.02263155999682	-8.209980315048846	3.3874239807236592	11.278840913726327	3.181612751230943	-7.96296501158717	-3.2821644978757956	-7.5396655503863945	-1.0335826987231436	-4.918818607901009	-8.907148502508033	14.342405084866158	3.3953200582437204	4.550557542795963	-0.1152237561957546	-3.403030017366625	-0.42559225477096607	-4.787017217274628	-3.9169727104436713	-1.574882295953121	2.3677136366512803	-3.1838025752339085	2.18878152161242	3.590697368565484	0.2035888063354024	1.2556660281253234	5.147260898593441	2.3070170264622276	-1.2083438497243113	-1.0359017830693058	-0.13735966735786137
CHRM5	Not-coupled	Not-coupled	-	-	Acetylcholine receptors (muscarinic)	classA	-11.217852368066415	61.730798487663975	-31.6944573265268	32.293278106692775	24.703977110626226	6.614031541304581	-4.049788526432827	2.167728038901925	-3.3059701011176363	-10.574751458145611	-7.414769721118497	-0.4863002585088356	-10.431306282812182	-7.311444495881113	23.951185832815675	-2.355691106164839	-1.4862820509900097	-5.805392491876443	-3.8313158895378594	-9.811477983711235	-0.9343272580534422	3.159426773875484	2.863207601946978	-4.687404871819201	9.821105810063905	1.2950710303528299	-1.0195359207326558	4.3193890295756505	7.541167666161053	7.059562002759122	1.8693715980363965	-0.7283498256482228	-0.8614610919149788	-2.8013038670692723	-4.904836832425473	-5.613384484655299	2.814329099283843	-2.153206512192068	5.002489520345325	-6.569102326020764	-4.200859964781023	-6.529115701213579	-3.6922324857868096	-0.06543545446271411	-3.4591991633351737	-9.788117150343625	-6.0423478706570455	-1.2849093801706464	2.5675564704357594	3.029911420990141	-0.023197447475058402	-1.3586504044254468
GPR161	-	-	-	-	NA	classA	33.41725256071721	37.75782643750785	77.38490309458338	13.469991866464493	-24.036404510206413	-3.9700488098086884	28.256332236371165	-13.636019060922436	39.7197609844015	-4.723838766106736	-24.480482136843197	-40.56918093752465	-10.435459696242287	-12.05135705776719	-4.432391496818969	-0.6713936399771969	9.252439727866275	9.24433861578923	-5.169829086990176	0.8848994827882481	0.9628219219101191	4.6096420589530185	1.4864575974525298	-1.5741083445460948	-4.7161987511009995	2.882753857562871	-0.553563931553227	6.67390236362093	1.5543715975857073	-4.01900404734962	-1.481799234011282	-9.214064595940398	-1.9159786216777914	-3.256263200085049	8.467030196642687	4.173929555048856	0.4035483853761574	-4.289911354751318	-3.3006686563123533	1.9034754827626057	3.7373455860558353	-2.4876694671860133	-5.339185651553281	1.5205317074511748	-1.8388689063330508	5.689788419379149	-11.471710376525136	-3.6449685501600193	-0.2835748015823629	8.373634215596017	1.5060508369236592	2.221655539228766
ADGRG5	-	-	-	-	NA	classB	-38.5621427996037	27.08421094843481	-28.232691450903136	14.89926721210502	18.820841787398944	-34.107484904117406	-24.043316364207108	14.230794410959446	-16.177718061336584	-10.035167761443422	13.560030448842209	-17.347531026941876	27.014149950651905	-0.40527311418429196	-6.683878331250469	-14.22523406920235	0.6658190449112613	8.204653785058632	4.365167842842312	10.834925966396918	12.89503390113605	4.628697963237797	-10.153947034093967	25.06529876309735	9.861223204123103	3.761035992272429	-5.472327741793651	0.19698448243821537	16.298035335075248	13.29172819144207	-6.579334467696282	-4.308572294894566	-12.922863799377257	-1.1088919955423873	3.8132548915641773	-10.386142173015939	-3.527326377072928	-3.0383547970384495	-9.242283044242585	-0.6307466903248808	2.974152552587972	2.790510623514966	0.6623462005456432	-1.7793676546981738	-1.7706047728076888	-7.810589819472308	0.17403983297803832	-6.637928346979524	-10.48725817449453	1.004371097473289	-3.3950738568169596	8.506408282321342
NPFFR2	Not-coupled	Not-coupled	Coupled	-	Neuropeptide FF/neuropeptide AF receptors	classA	-30.065152668715495	50.12473088136431	-22.754355950504227	22.907674125112834	-23.29640858648725	0.6226159227869115	-23.64142995534228	-22.237712662307572	-19.771495517085683	-3.5641896732542646	-9.865632037218765	-3.0259743045081375	-2.2559518091292827	-0.8099373817983546	13.307346814953386	-3.0767703168525276	-0.8244181393541699	-3.9104114907479572	1.293055119993662	-4.5749794032119375	0.8750172842064795	9.89912521217406	-0.6562734593867972	-7.302394497628486	-0.34766172590190364	9.487922360147559	2.446922368002467	0.7147732428106524	5.048378973260595	3.0413217776283954	1.2012262339045132	4.567281514702189	-8.199893033237274	6.825876361725121	-2.8278922756527947	-4.6606100350745265	-3.133287187050417	-3.2478659024713643	-0.4540019609021704	-2.2139897169772915	-3.0941234559239907	-1.9786308764075906	2.556553469607443	2.8884597012515867	-1.3103354578588848	3.9945204342005907	-6.928023566244402	1.164065717674466	-1.6403435764624028	-0.4312178686211217	2.5717156186862242	1.2894042685332534
ADRA1B	Not-coupled	Coupled	-	-	Adrenoceptors	classA	-5.731637005576186	32.56988547637552	-30.033990420006553	42.16515497397479	53.891966624149966	-11.685610217973212	-13.969891090582271	12.977742114286928	-3.485855540710564	-35.0792230674642	4.730438389210141	-5.831712854960251	3.158744910230741	4.013781562223799	3.466411062903275	8.015940029434242	-9.39988082362478	2.0856729740952074	-1.464961970133767	-4.339655009636348	4.965113499606161	0.2326674172770703	-3.4366778020417694	2.641600014923236	11.14426357440306	-1.2753716701807734	-2.5186634046117495	-4.297701896226128	-6.24744045634025	-1.0802930687655066	6.442207110074582	-0.9187692449739088	6.2906089048904645	-5.98854175992323	-2.7672016916049897	-0.18855812423763124	4.464142519733821	-1.0477573392539827	8.379587201239703	-4.30424845100228	-7.7001018453093	-3.0128613618930156	-0.9200622717702792	0.3711487538083277	-0.11251009824459726	2.3619278816455465	-3.0120948248833344	-1.7458781934587955	1.9968742715584467	5.782987764665601	8.08319987024122	-5.384093413884723
GPR176	-	-	-	-	NA	classA	-8.264885327883583	19.22417449481273	-29.897101068072033	21.921305137529405	27.656794414607784	-7.974059456964097	-18.06432990151768	11.166211379654232	1.0419872519557813	-32.245463262545364	20.972998195600848	-10.363582662250963	22.737755151235447	4.22672165769449	29.4983529042599	17.666791205283644	7.0435991822865205	17.853806614743238	-6.024165933205383	-1.9164661142396948	9.611893666047123	-1.876668534630692	-9.676333462665527	-11.070800552194804	-14.112738713484665	-3.382528433708385	8.6848203060285	-8.412834618479039	6.215237208666558	5.9066519128953265	-7.016639917517246	10.129466967855176	13.683415869797791	-13.414700349143036	1.8203094759372755	2.900209305571133	0.6669995642515885	-8.982344694357307	-2.330995364201627	-8.890529915969367	11.361402892295752	-1.8484901854097868	-15.449078636486577	2.2668798874786935	-5.223530467653852	-4.121229308277589	3.7020646732140676	-2.548892338722924	6.991822732000708	4.461639086855503	-4.924535708221202	-7.255814596408961
GPR101	Coupled	-	-	-	Class A Orphans	classA	-10.731022537093581	30.168391282421396	-17.551601108574907	79.77116062601824	-11.299861754761267	-26.54770195732949	-2.363756994210904	7.3904926119724	3.1437983911761536	-24.012934394981574	12.011256279624465	4.8442906780203625	-0.2938358255045319	-5.548981302013845	0.2525972400721916	-19.030326173322692	13.26766573631575	-6.501347459895835	1.5697686648178617	12.460364268926693	-8.966161592526708	6.8080363144756495	6.465028139790404	-5.325723327641878	4.856096783011084	-3.687431597891491	-8.870013979239785	-3.150929991382783	0.9921334927540136	-2.9735311241801083	1.4706653804824745	1.4680502465639584	-2.1972864102624903	0.16398715270711242	-0.9130708308508081	-10.494673495112343	1.7512730869697892	10.365320675695616	5.575344316861257	-0.42068202255648207	0.2891179524545564	3.266684445274273	-0.7164052930368056	-2.524933888814061	-3.183331418882887	-1.6227064046027884	-3.1274338671953132	7.150617879193441	-0.6904873776009097	0.002056909405859358	-1.1004985865447172	-1.0848211428969785
GPR135	-	-	-	-	NA	classA	24.737810975656643	44.522776196335236	1.1733434922073827	53.56191069596903	35.50971627059821	-0.008140145499956912	-22.269003576754596	-3.020564222963052	-1.8556413115125305	22.083684224084625	11.392530523290844	-6.46694982718797	-9.964882858562488	-13.177428474286206	24.064273839570884	5.098360405559361	-4.679109320634391	2.2305276469480515	17.01122460471598	-11.38984176923855	6.774061988495547	3.5606955454207383	7.180223261150115	-4.4459928697799524	-5.564689151629478	0.5355307142595315	-8.936327052886632	-2.5495216247292536	-1.9466221998226445	6.776912343967231	1.5595477069626111	0.1508424645497568	-3.336596589954094	-9.142103792436806	-2.219308012673975	-3.458895317979956	1.9213185668950803	0.7811286327252868	-2.9414559864484793	1.9607897254604978	6.662039295375796	-8.029913807342242	-0.012007652085337023	-0.11519410803753977	-0.7614381379319776	-1.4666302680797618	-7.094827323345601	-3.6261840358247905	-5.062851248187275	-0.44754111006071745	-2.9402707413692775	-1.9905378566138767
PTGER4	Coupled	Coupled	Coupled	-	Prostanoid receptors	classA	-37.17970628589973	51.9396263648434	-31.708377410572282	11.903686603729025	0.21388594534543118	-3.6152443119084436	-6.560086753905403	-26.44659255249884	-16.635312448302567	12.550202608459289	-13.931832464860825	-15.416290800629087	-11.459678665130774	2.0171219541417096	9.423466565431674	-0.4376789538182844	17.82062968107857	-10.396802667796077	-8.620238767312713	-9.309740390364862	10.062254886731544	-13.726868399853874	-9.380053758195515	-0.25155711359535404	1.9017973435520072	4.894297132741945	-2.18590216554489	-3.737953518181961	1.5267261886121555	-2.502769728853772	-6.640245127393948	-1.4552965928180057	4.570201307061469	0.5258832831724042	-0.17412755792839477	1.2433868609115952	2.3621888229196557	-3.030348892865689	-1.6702517839416589	-5.861736002187084	-1.6281559595976198	1.2728542099520586	-6.034617372535544	3.768278603838814	1.627578820981695	-0.6533074230516571	0.5875190559171244	1.9470835018362205	3.0493000508292782	-1.3202179033627264	0.9001571393804914	0.5876751375953058
HRH1	Not-coupled	Coupled	Coupled	-	Histamine receptors	classA	-17.150483492711295	-9.66285794907649	7.838747947022292	19.23333302828005	18.80082805571966	11.159869575559014	-4.145690984088273	25.915966425144465	-32.31732109429283	-30.618060054518153	-18.55890534128083	-19.989677761667576	6.692507163286047	-16.28346919212154	8.354047791392931	-25.6641278402473	9.85203762551183	-8.28675604602671	3.722338879521546	-4.120688100636708	-8.217976185801621	-16.807487138731027	5.137593377506311	-5.921997631359923	-9.959614362758321	-5.365511429585019	-13.051099142544679	9.186045693544306	-12.47880882161441	-2.467192153100115	0.6095946483279215	5.106411314483267	2.9062884075323665	0.8617525116120147	-7.384766193294885	3.3167478194498785	-2.30519748345185	-1.3664226985877148	2.488598499416792	12.824032998955282	-3.7379366889862706	3.595956107259354	-0.8824673973150592	-12.306532841850006	-2.970708731973689	-0.3534292783375127	-0.6356851312652071	-1.8475500398114841	-0.49324965370925117	6.481344733444601	0.6071894792277172	-6.542155006079047
C3AR1	Not-coupled	-	-	-	Complement peptide receptors	classA	-24.608011237725687	53.36988654105492	-43.231674814180096	-15.498593357605179	3.5114436138991465	4.02349166476778	-32.626610843719185	-11.788001457928706	-23.708082384868376	-15.482175270856395	-9.225812546848129	-5.863382059779656	-20.487499523519933	-3.3530752528966854	-12.860999163186806	-0.3562446789550381	-0.044354137648327935	-8.801056017882248	7.892989323149709	0.952039666576377	-2.8574986348410087	10.099102951438281	9.026706057593218	-0.02940913146709659	-7.827079517336381	3.6037017027373173	6.152162663297542	1.646303308689778	4.180403090446397	-7.706896995215986	4.656339180459049	3.7698651861378374	3.5859907782185028	0.6190768541968354	8.43479985801344	1.2456552422360514	2.5621693389661377	-1.6424205836635868	-4.656590245943811	6.5175529870307995	2.257431997681555	0.9044837645087606	-0.439319977228664	-6.546510226507764	-3.297530450822691	-9.126303065919974	-1.5848418108783677	7.56054535118331	4.137698903916342	9.021779135739132	-2.8782105048273983	4.233028341946368
HTR2B	Not-coupled	Not-coupled	Coupled	-	5-Hydroxytryptamine receptors	classA	-19.696038547085305	31.014408011745044	8.700395492079085	39.06824439495612	15.1807273392073	-27.80103021365216	7.038162241441365	2.0527616745149246	-7.252145710018209	6.990363475070998	-5.535843725843294	-5.43960675786542	2.6306694009433187	-7.39868782230679	-7.961343063355828	-21.799621200168446	-0.14346005423527602	-5.940219144963528	5.064911312661664	7.5797755852515545	10.210451387123898	-0.680376744577809	-3.0127811987760915	-1.7106852262129741	-0.8959917864245825	-3.7887630133690102	9.683536706003354	4.999708112330484	0.4154699041385149	-8.771032241078956	-9.112928752421421	6.749046296848647	-3.347686772062906	-11.512756209169378	-0.6543115805459327	5.493821550375997	-4.139639420371434	1.9261810445132665	-1.3370418577210879	-1.8712100368319078	-3.934857216344343	5.232744085424502	4.092350743459373	-1.4923917522184962	-4.3202271589383665	5.519846492082898	-0.9721896867450094	2.018364729332578	4.756047753166659	-7.719114700745514	7.023064865906677	-4.576824159737445
GPR37L1	Not-coupled	-	-	-	Class A Orphans	classA	-47.0225151233777	45.18057146098878	-33.98205508286937	-10.55321016043862	-13.167135625431804	-8.153034612736382	-16.727901622324445	-11.842922446484732	-15.803719032255671	27.054937193275137	-4.645240909298872	-7.850281894500158	-3.6013761773062134	3.26602397279429	11.28110188018278	12.603386915466661	29.462003359258013	1.1610181385243588	-9.062690953989883	-2.3460097720655813	5.230101275559232	-20.396496347747277	-3.5611763742937144	0.6393962058683546	11.134721421464413	0.3975272121989387	-11.407723299630714	-1.2197958490953784	-9.918799047771568	-2.7255045524364587	-5.607473672786492	-9.035303862638692	12.319770411707426	5.0543508516027345	4.093330024720962	2.670454734820467	-3.467561586272057	-0.32747644564724665	-0.8759328258138929	-3.4589813698136007	-3.608082074858378	1.4364565415937072	-0.19428753395170628	0.8699285493612549	0.7977438342505364	2.748670772292277	-0.7100049136475874	5.341170015508707	0.5917639531691362	-1.8867237170904894	2.368422215899503	0.05139372649829304
CHRM4	Not-coupled	Not-coupled	Coupled	-	Acetylcholine receptors (muscarinic)	classA	-25.627466073234974	53.560645661875164	-38.55028188939409	11.70943845622144	-16.19506921789916	8.755319702576564	-24.530500949901626	-17.72418005546253	-13.047636698751019	-16.647123649250677	-7.536107597481621	-3.655092499286332	-5.658755865331767	-5.997931062502371	-8.431900213603921	-12.814505789228216	2.673367840736449	-6.0697923715543665	3.7274050110107484	3.479289346850763	-1.2007148623485198	3.2647544169566864	1.9168031741934355	-2.971512702392608	-5.468136742327543	3.408076675290921	1.1943292617239178	1.8453539568761206	5.029142460750399	3.2181409849746645	2.07153119108763	1.9075320550669699	-2.440010063192202	7.543771982281036	1.108319799135238	-1.3096108971991598	-1.205712197982084	3.690684918689121	-0.8854678944625127	-0.5051738449984758	-5.790868370227642	-2.5709195178792985	1.7962520439234924	3.712334080374805	-2.893441669772965	5.127358078055641	-0.1938268792004652	-1.124607653444963	3.623462259324522	4.077164234689029	0.9673675301842112	-1.9510038654343873
HTR7	Coupled	Coupled	-	-	5-Hydroxytryptamine receptors	classA	1.2577717822734116	49.42223220093605	-7.2432458850844785	43.791676201222	-14.570919439163358	11.075207127568078	-8.035430982452594	15.366863593312313	-0.7100571262274766	-3.264942824985134	-2.749981560190934	-4.714356219582892	-5.168053166415032	-24.40322615580157	19.429394600609143	-20.449454248737872	-16.065744109212964	10.630662633205572	-3.4806384823026595	-5.926610733243318	-6.1796783358170915	-14.321035613846773	1.3043393032408421	-2.600065702047328	-5.7532043258232415	7.215727835155449	6.120523448838499	-4.200013593276495	-0.32238167930283246	0.4939903238876926	11.854679102570325	-3.7681568700625476	4.655357860573479	6.1984554497176765	9.758355720073025	2.7163014722665437	2.340248751296314	4.045850549053689	5.704854806259851	2.0490457563060755	-5.61019178544822	-5.69920983721065	1.6207237976242481	-3.9300886236544788	10.002790210419638	-2.9012632571055925	-1.0079563979316637	5.7007494758412705	3.353943605765583	-1.8556266795449186	-2.255662473478092	-0.2293320714945914
OPN4	Not-coupled	-	-	-	Class A Orphans	classA	27.140769870756607	30.72216768772225	67.48034452238747	-23.8541477657858	-28.789039487909864	0.2835269241741796	-38.336333584208155	6.127570997771203	36.14956315398214	0.44830280520597443	-1.7373338294944618	-6.894805705567644	1.9871891845889487	19.99936658564539	5.212116228371621	-11.953199135715376	-11.459642668160422	-9.229777290167137	-0.24570653306837373	-0.3536836619332969	6.074263339283144	-3.764529711643084	0.19612968485758808	-2.750707408367335	-0.6011011140586794	-3.9006565526694192	2.858872733592559	-5.1025979016915715	-3.321417167541511	3.5703904761899135	0.20187629411992045	-3.028999746119665	1.4235230875940972	-2.0116548061029986	1.573078751842156	0.27193260950077475	3.0402585725382885	-1.5217173395157058	0.049175935227987716	0.37969617398528804	-2.8796144999312543	2.7307718360528317	-1.5635335861816178	0.4827415921405256	-1.066939032104596	0.09965653648860522	0.24064693330022593	0.24279758572209845	-0.4375984465485154	-3.38116707766479	-0.5344611727028278	1.758391953947132
GCGR	Coupled	-	Coupled	-	Glucagon receptor family	classB	-15.870959047825394	50.6397899307456	-27.015793837633456	12.669894455216461	-27.831504879676523	5.155817230508325	-24.29385678853292	-24.12432644779385	-16.13584985069965	-6.461566657364451	-16.74686490256309	-0.396731357486719	-11.260222010281689	-3.4654246421589505	-4.031753858256264	-5.651904288198035	-9.708052073650803	1.0142158284189582	2.2857788885116115	-3.8822832691184628	4.316034914148784	-3.1985943863729855	2.012746414499723	6.4727597254147256	-6.468231080577239	-1.9293180283000322	-5.283528431971195	-4.766251462963119	-5.901303642801561	-2.3841033660195707	4.772652602891603	6.813412167757152	-1.3829616626925312	-2.371860536231518	2.0735661903721825	0.45950044744088275	-5.886425747864074	3.6662895532714717	7.446981442592184	-2.4374453976582244	-5.371311772764102	2.928905664948506	1.557725840807452	5.277211151811121	-6.125031659295259	6.257264446679149	-3.097936325350702	-11.069727411472503	2.4799960026980092	0.081352599193364	-5.885894073934448	-2.6305725425151993
DRD5	Coupled	Coupled	Coupled	-	Dopamine receptors	classA	-22.332538536160218	39.57840069527559	-22.59219663155258	34.94270371701109	-48.56766235722222	-5.6859030419139875	-33.20118081867958	-17.56801960407494	-6.688309015822796	-14.74802719010327	6.187737595308784	12.554670428193322	-0.5152969540681779	-4.820714021274446	5.141754283356831	1.9744403570964986	7.971278917986364	6.456856218176716	6.650780895382323	9.697875375668707	-4.49673853357993	-2.1357957727219783	9.172548704523777	-6.9547283788525505	-4.45126973388818	-4.648180498700683	-5.864715531358569	-7.738124497001891	-2.8110164431151814	-3.1982232607929184	-0.8623011892255319	-1.3571441055457518	-7.563270904934323	10.710745210249334	0.5472154713360495	-4.384686612051951	-6.958931707601607	-0.24099363338743585	4.287232949919789	-8.040468656352266	-6.323615614091239	-1.0317959904142362	1.945774631385468	4.069061797159479	-3.152744871548707	9.773642192412012	-4.420875688485268	2.3128315168028473	2.208513758599405	-4.031820082135684	-5.458913831614688	-1.5239895001092054
ADRB1	Coupled	Coupled	Coupled	-	Adrenoceptors	classA	1.2798046718181137	42.744001554260315	40.7563501547579	-48.53261021559151	26.187329758471535	4.481795199453658	-33.13175538008628	11.769070685446781	33.28659553174956	-1.6226046706715371	4.317339017469631	-3.7670938255974606	-0.3525248795021015	26.72660688482009	8.89438323228646	-2.470395479899666	7.743516744949289	-12.916191114632428	0.6934381072019883	6.619369286710987	-7.243894222335369	-6.5217361371739875	-1.253080389326158	-4.908340762066126	-3.6763805319963114	-0.7289526321303579	1.2002345857199541	6.561334956286019	10.056969747025672	-3.297029560033161	-1.473838695654593	-5.975123369158624	-6.7050470068675905	0.43304242576066837	-1.563561702723297	-4.448768052518683	-3.430657657011827	-0.5015014056616415	4.843484088864003	-1.183337570278945	0.49402580323692036	-3.7985473846092046	2.3537718816442146	-0.3579761743278262	0.642105609132936	2.1233955988181648	1.6586660092746788	3.2215994613984322	1.9003652625112113	7.48893412813695	-4.268770111048585	-3.9957885083336855
CALCR	Coupled	-	Coupled	-	Calcitonin receptors	classB	34.43817621862809	51.468903192175866	-56.70024884144155	38.42006274484973	43.398551202657416	10.560594760662187	-1.100054661523149	-8.000566983245946	4.921467216940016	-11.11920549753436	1.0303686763897124	-11.004863637503083	25.551581924173398	2.9539328472897335	-0.9351792257308226	-9.848846514858868	4.306618393524603	-3.6839796242673923	3.023942037045433	-7.333154613935858	-7.468940890818794	-3.829115989911243	0.7644634161304031	10.731676463946796	-0.9684174799031765	-5.386115040050147	-1.0074756494461357	-5.548916122870554	-0.41099301500308383	5.399901189140685	-0.2709895132992493	-2.7421683410336013	7.039919198683755	0.9189499857534413	-1.5719013952533376	2.609615314043847	-1.3312740881429699	-2.4675790982155066	0.2928422293570718	0.07821666276996153	0.14489517052349585	-1.1555932062667367	1.494170255945309	-1.2066930839202283	-7.2141197095595615	-1.5501041690797093	0.7171952506816217	0.7811110850767855	-0.8799024262312622	6.301367556120483	0.4129192972464852	2.0320685540407832
CNR1	Coupled	Not-coupled	Coupled	-	Cannabinoid receptors	classA	-22.35907279107981	49.35513498490841	-41.07596720587761	-14.408318160391604	-6.918991625643164	5.684386869368302	-33.06019566617136	-14.8702222921986	-22.81982905116722	-12.687784070779067	-8.975054636450869	-7.419162990209396	-9.917347155959215	-3.968214655574921	-16.24753687649271	-5.374688695485986	-1.7291299959064013	-3.9909671892790977	13.0924518056326	1.411508140058244	-0.04647384915152991	8.455327829058803	8.545041565900384	0.5406264035316456	-11.731739474184241	0.7026731745703171	8.74279840450854	0.601950123811141	1.1874960234737153	-7.291544934332327	6.185745318565793	3.961029137901233	5.898373113682462	-2.372610750909466	4.298840786489479	1.7701620281143613	1.6016488307184815	0.7708935886375247	-3.934560009649846	5.460946128120354	4.988621528591121	3.7074638657561336	2.5202543115938623	-5.49853530592239	-4.920162102573823	-8.060771642791895	-0.1105762209070644	7.676829913827299	-0.050039877132242436	6.587529419162858	-0.011533034595197422	3.8331931374292925
HTR2A	Not-coupled	Not-coupled	Coupled	-	5-Hydroxytryptamine receptors	classA	22.24847808472736	-41.02238563339782	30.509134864707104	74.34761999685304	-17.37554972797016	-7.717995965831132	-17.19498902499378	25.3289748881838	-10.826811391454887	-48.071088684208675	23.059250993689105	-7.389770459897032	24.71941932423567	9.006640837835885	21.18545628794764	23.88198431295972	-4.473283779602428	22.434673081130146	-13.746829493583768	3.1995519243475994	11.839018561797229	-6.461455192775039	-7.985027161183783	-12.547855142254784	-17.846975682164558	-12.376545552175298	11.110425089642604	1.450767527899824	-7.322079021898589	-12.270471883298438	2.236313883620315	-0.7706061026796464	-4.045032230143574	-7.026522752433835	-0.5781993614057024	5.818905693676879	-3.624282625358239	-5.114381710971384	-4.259025715501679	-4.323658882973787	2.5428967747962266	-0.27960277985371945	10.585861317539395	-0.628997831185288	8.988576635850562	6.101333141020044	1.3222302664362158	-2.5287219195970323	-2.7778002813057387	2.9085180807006092	-0.16243995772934355	-3.8559898958975873
GPR152	-	-	-	-	NA	classA	-33.64852052609652	-16.40373339955863	4.218727085418547	26.951618027791923	5.135941945844242	-21.890283345421288	-3.4005291695513895	7.446602283636541	-4.046017761172956	-7.595850649891568	-9.015100421957555	0.2757142964304941	-0.32961225334202937	-5.9160720274824214	-0.8456871099713049	-6.288066520520312	11.558959705845412	-7.420818347456003	10.183815600086067	-4.582400408615563	-10.681570572677954	-6.3697218889141904	3.5751977237478982	-6.643389045146529	0.771506822067299	-0.6467772156100663	0.8452915324173196	-2.692057774666252	-4.67253156992498	1.7498895617691972	0.012027067344255165	5.873518778352461	-0.03371945248800484	-4.678123438773867	5.541759082475779	-6.172503187276855	-0.5313927302085234	8.900403700514305	6.437900105016665	6.114349866673556	2.6461297874090928	1.6925422626520334	-0.4429004836992556	4.083213255822307	4.295636332489896	-0.05943250474010497	-3.3967630335692696	-1.3757602001728813	-1.7229890756992123	0.6569119132544422	3.8939920195245774	4.273808608158969
RXFP3	Not-coupled	-	-	-	Relaxin family peptide receptors	classA	18.370388674403017	38.92935389205661	45.882420652296176	-56.30168054713151	-0.5460026078298423	8.95957592638002	-45.30382728114489	10.762908608740986	35.95014528217123	-2.5931781856308023	0.011857050823481213	-4.178500948592988	6.887270806744244	19.910878194001146	3.7348340809487106	-10.989277359018024	-4.417989194402509	-9.321967339178679	6.470622595589433	1.4252300689396322	-2.881108429891157	-5.586187454085039	-1.1336384507273836	-2.613438013918076	3.036637227823256	2.0362415451102587	-1.6201144927027666	0.3369620582789225	0.3876985705284272	1.1244765899560518	1.7466204507379035	2.530804321912185	5.925864099791456	-3.151718117632915	-1.715514995059806	-2.9243286275990608	0.8834499392923173	-2.587028862054672	-0.36967751671897503	-2.6207260037163502	0.43053445568187887	3.3175900755066494	-2.308730841301342	0.8136289501968977	-2.1848654433198047	0.6466513310769881	-4.033405246238409	-2.8085631331277643	0.5414705820969545	-0.054563495408853614	-1.7243884786864867	-1.3730746796124302
ADCYAP1R1	Coupled	Coupled	-	-	VIP and PACAP receptors	classB	33.06802634841363	28.211441332211756	71.03693168694633	-16.292463085913173	-34.98413641624039	0.9209748064626291	-40.517924613644944	3.2979784364074756	38.83159615528462	-3.2963148638686333	-2.2613458290796387	-4.957336826427492	-0.9641454628401714	20.855704834057878	3.0659369743624416	-12.78813720685246	-15.702452598519525	-10.272873485915419	1.706705594415688	0.4063199247821165	5.408974588349455	-4.560515304233243	0.599212456021016	-1.3878872490634755	0.949040710945187	-3.0414685101191328	2.4155404074779123	-6.206759027869136	0.19648538121980383	3.2920700556321933	-0.9137318683604709	-3.380531486650446	3.4850694014991914	0.14462344410633057	2.1386546363770207	1.3631203537691898	4.76660124923511	-5.079294428467349	-1.184894265369503	3.2427974105677806	-0.08711454904553587	-0.4298719517046041	-1.1681831264059623	-0.06103411782162683	-1.1215531301164978	2.4953222437043387	2.4966553834370386	-1.2780419893964856	1.1289721720203099	-3.491161299830983	-0.7661103606437862	2.1954734853945785
GIPR	Coupled	Coupled	Coupled	-	Glucagon receptor family	classB	-20.29493089095591	49.47325147723869	-32.88692854724623	3.273942766190276	-17.458036446776124	16.470591747332662	-26.624756849344998	-20.854735163905694	-15.690852026838119	-4.075903333859894	-15.008997057573323	-5.1483718959286575	-7.241305647587609	-0.5514798998299253	7.428423184102523	2.912292132519761	-9.841583098263769	-1.100712630860981	5.081683577442086	-8.783384865063327	2.599617840735557	8.551209173728244	-1.678468319597169	3.886821455573482	-0.996980887917797	5.251198638614506	2.0018944335529603	-4.635746595996062	4.580639573747236	10.649729852151733	7.210517688007576	2.3686978684057394	-6.712567506239055	9.87005250449188	-2.247770999030126	-0.479086166034515	-2.3071634396318945	-1.0990659256680404	-1.6078410257321436	-2.218961489201114	-0.6462669973552422	-2.3181660613065658	3.450037105744086	1.4960459554941887	-1.5213265389055823	3.3824664568948846	-6.571252153445989	-2.2535606583833965	3.595056467951803	-2.4604197698162262	5.8102193185630355	2.398779647440463
ADRA1A	Not-coupled	Coupled	Not-coupled	-	Adrenoceptors	classA	-49.45960957374737	47.58603246816152	-40.93784554870641	-20.536683985527265	-2.3779984938424943	-2.5494090627166193	-20.274617681469067	-12.944664108948349	-18.539503257258133	26.7435279284951	-7.12186813746882	-15.861369832985625	-1.4883266369605352	8.113613098332083	16.911001270643098	13.447920963638273	29.200579738721654	3.0897312202409606	-8.089165572574432	-1.9890555145349327	5.36434994802606	-17.381410678660522	-8.715664218938644	5.031805736542307	7.214095493286697	0.271478824012916	-5.910316486092924	-6.786044075104872	-5.496385486123608	-6.41423726373665	-4.937349625577882	-11.734332002174309	14.451181332054112	-0.4360383192298774	-1.2337000932112978	4.926315646752122	-5.201567747468189	-0.9649645756498564	-8.066770336745742	-3.033474796850904	2.9962316217729836	0.05098188331578751	-1.7101333830613665	0.9235522646843869	-2.4127091190372463	0.6431371247742975	-0.22768340110303464	6.530397383605251	0.48897153185362047	-4.75019238479524	1.4633436085207698	-0.9809461505443082
CHRM2	Coupled	Not-coupled	Coupled	-	Acetylcholine receptors (muscarinic)	classA	-53.17736180722267	18.232440858188035	-24.692418627148168	-2.481288146003051	5.5916528650328035	-19.816881279514856	-18.32063547287295	19.144415984250312	-15.362934405339685	3.7658824752079867	7.737530452549442	-5.699732304022867	-0.7021018390846978	-6.178464729664966	6.3349445242534745	-19.264806999524424	-0.7109766958757309	3.117004323354499	1.4901647482801457	11.229753695725746	-11.759342016987926	8.67258490326936	4.334301815847799	-7.020716046904748	2.568028857195484	-3.478118745840261	-6.9101012637478405	0.9315323891165461	0.4332231152496974	-9.07757934428487	1.3444754025753205	-4.005947863437444	-4.337974741138427	5.292836281881945	0.8260976504357647	-7.2634103301225075	-6.387422494333351	8.101401826965285	-2.0437160255853795	-2.194524272685119	3.3567804452532406	-4.5271064483646555	-1.904418797818527	1.865703477488363	2.188683745884139	-4.214106459376786	-1.0614319034837327	-2.952188781005854	-0.2501119986025752	1.5597193288490585	2.7783565698074257	-0.8765509930780969
TACR3	Not-coupled	Coupled	-	-	Tachykinin receptors	classA	-11.985728703457369	40.02030635114786	-14.685394027259267	13.043221467584	-55.705777340452194	-4.245046769635389	-41.35031115212168	-26.946055911855073	-21.44157279242716	-13.379417475734032	-12.284930923176026	5.690717143355429	-1.6316274759217602	-3.406297783470106	-6.004485174775095	1.0865592930884616	7.383052622139918	2.7715237328526303	10.080377146619005	6.609421542495343	-0.9762631311076841	3.240019609783381	2.0152854094374995	-3.2333893396443303	4.404907014381204	6.591887273956327	13.799955020987957	-6.105208637050358	-1.8555258042906813	5.132569587543146	-7.58733369382837	2.911686904786686	-3.6544733326760044	-4.187683812620832	1.0526090895296338	12.815211773727546	-3.007984612898943	4.914198404329775	4.113756736569843	3.647236443765547	5.393462062355246	-1.2355941336212874	-3.3656105983094133	-1.358066396320775	5.95055850487366	2.926191187636754	4.99103559501986	3.1514342343445754	-13.80598608050604	1.6055296155630472	0.8682877682758989	0.5683416061524784
ADRA2A	Coupled	Not-coupled	Coupled	-	Adrenoceptors	classA	28.42328210812511	32.22742155540106	60.43959326293635	-30.706772685061736	-16.511748734802723	2.3568821643286837	-36.604607462342834	6.2831596299522285	39.20670627245822	-0.2063475680279856	2.0889518498850674	-9.62824705060555	-0.7267719201573186	19.009579948289375	1.3594967805505427	-16.078130977029957	-11.677330940073832	-11.383560282512988	0.46827550854472894	-1.1214404688541473	7.590035970478586	-6.068607851074303	-0.10209501412003377	-6.855427149804693	0.457866381304093	-2.5423724343963463	-0.5519547979589491	-2.8761951403022232	-2.3142853933089826	3.0532109829315868	-0.5080702372201722	-1.9181530280440036	0.2313724914483426	-2.114482696520121	5.4609509571794685	-2.059964506526823	2.707521213420125	-3.455040849496721	-0.8035597261851523	-2.1093422518991587	-0.34466736136820414	0.32673075961061665	-1.342202440607592	-1.4387679563908855	2.0550267070077113	-0.2677249965945972	3.4407492325893463	-0.18821964324157875	0.5497891591923662	-3.931160502224029	1.8579771021543467	1.7928347672889797
GLP1R	Coupled	-	Coupled	-	Glucagon receptor family	classB	35.7669649998849	-0.6977979130210294	1.8640160106012673	82.71621171962393	26.117675847145858	-46.89648176748249	-28.616060773362314	-0.24612833429495387	-17.155866273080953	-7.315925823361967	22.914429622381935	-27.649491307577424	36.843520036380774	11.824929473581633	-35.57188070572219	1.567947689620496	-7.874298127783215	14.388066210892166	10.779306248271812	-1.6440320111982458	4.993348940835037	-21.437378388342037	-6.932275212995752	35.386805723450756	-1.7308070146631038	12.68890727655009	-1.5192524768661437	10.242708532277495	20.01351687053358	8.650106238733162	3.9359313166014	3.4498718776804846	2.808585838187432	4.6780346843707	-4.516089032513451	5.4753572016467995	-7.26526978794742	4.685141499694771	-4.904625015629788	3.826621775599186	-7.2273824591335805	-4.139723798563199	-7.394438105285609	-1.184661464073931	-1.9853324975751887	-9.698241935308953	5.19356368655402	-2.5334366371150527	10.766668356166376	-5.477563468650289	-1.4763676368108143	5.538556933859861
GPR142	-	-	-	-	NA	classA	-24.22046422184421	33.06063560833231	-25.043356061558242	3.745774827234482	-56.58062625953175	-11.046872885737235	-42.59461994396821	-16.328335036552232	-14.594321891593506	-13.824341264107176	-0.8597970179193732	19.417211681397056	-0.49584295065530354	-3.5430076376930297	-4.710104318702148	6.1760088461839215	15.486083655520364	2.5541373681004025	15.025786288982633	10.738770416459985	-8.608107744152006	1.8798542966117844	11.541502454362961	-8.569417904525636	9.498256769534128	4.196751362244888	4.4667972906166336	-1.3375081946280976	-0.7618475373305981	4.910751344269306	-6.967919870389862	6.8555427647079465	-3.4956286166562305	-2.1570214244906203	1.6038274365224698	4.273827747617844	-4.94919294564388	4.498173904847857	7.981012586240874	2.498793338664922	7.427804433641417	-1.6019206476415202	-6.706368172333841	0.2153857824619251	4.183085198643773	-3.6093866211923085	2.4377871441020824	-0.24540051349352704	-11.487328552563262	-2.029010601394008	4.027021401401952	2.230874979376837
ADRA2C	Coupled	Not-coupled	Coupled	-	Adrenoceptors	classA	4.026925027425645	41.114890154189446	47.76107101062535	-49.546278941429584	24.59777163609934	6.275303618550733	-29.11799401700563	9.956179131369781	33.68272991629024	3.9876304706343655	-0.4210135308872319	-7.668077275916518	0.6630942057239045	28.016963314208866	7.876561373832166	-1.5833633980384851	3.572142298702627	-12.04052822652349	1.8216532420505984	4.441096905872519	-3.7165470270301295	-5.727563520298274	-1.7958167206415254	-1.3053252497656436	-3.739078128883992	-2.2413115881164827	-0.0928369457953713	6.376457188896353	8.026687432846204	-5.445640566186387	-0.5885569403904376	-5.2535011769386895	-6.116411782253918	-1.6439972505245994	-3.798448600714787	-4.16982089751058	-1.4400239984103647	-0.6442392183960588	0.6328402209207781	1.3349978846777348	1.7971460326185382	-3.721647142518068	4.7388471686241616	-3.9783598184096873	0.05401778517262382	-0.6188714722304038	0.015234193368408453	3.669664549558123	1.3835802562053203	3.2360244806225853	-0.7034747055832271	-3.284867670757188
CALCRL	-	-	-	-	NA	classB	-49.17548523119884	34.54446797958572	-20.052448112588348	-2.8491919279841094	-40.42695102268796	-10.715465050912632	-8.149715532614115	-15.663283280767168	-15.14143275271719	32.27670517462925	-6.463944542695997	-11.986406185019028	-7.38016768506907	1.8122682890930946	13.255805634181137	8.963867229520238	24.714550811180516	-1.863649671929468	-12.874884078634194	-5.8909707519854955	14.529190713193634	-20.598074099083526	-11.310103470845805	1.4685431628516412	5.518581752346033	4.571491714938718	-8.166177764640503	-6.4848764692280385	-6.718293311097455	-3.0291672882913305	-6.803818199790818	-6.299873669986521	11.571651336499828	3.9608387985204736	4.911787460835297	-5.006620209383244	-2.64273041414768	-0.9411981651706609	-1.9056756353354063	-4.654205765660939	0.531145887095174	4.4607570588367205	-2.5929533967070078	1.1097050663075996	4.300510001846848	3.2510685926666807	-0.6678714510873273	2.4372087196281313	0.28198103004103225	-0.6922516947703553	-3.810422959177991	1.175595426375591
CHRM1	Not-coupled	Not-coupled	Coupled	-	Acetylcholine receptors (muscarinic)	classA	-26.07248492700749	44.87804385806052	-48.497257473659594	-25.25839406868417	-7.867011185968784	10.546927172971621	-38.78496618408485	-11.95088564590992	-22.359838004531646	-15.256227982932057	-3.391682722795612	0.2854184274217917	-14.013953598788262	0.5941023715978239	-14.253126362374687	6.521789105686099	-0.9156998818256896	-2.7477932375069973	10.023963762092473	2.2692995273446206	-3.111162193620853	7.1898489588759205	8.6518827847262	1.7321865685027786	-4.951454824117213	1.4750613130332675	8.31173357251577	-3.1765036010097267	6.7882997357644035	-5.978175919300803	4.512386452733497	1.4828755730494152	-1.3615097341388727	1.4771089280851215	9.841681655922102	3.386150852306396	-1.477635708594715	-3.779175505826398	-4.248964331928233	3.6786411242726755	4.275684024359825	1.6524378432689177	-1.2946014072159433	-4.126854684450216	-5.213065165385882	-3.721151259789873	-2.1185570992509075	5.886939075540816	3.4538480231437227	8.232954482752339	-1.8070314864596109	3.6887309167297193
HTR2C	Not-coupled	Not-coupled	Coupled	-	5-Hydroxytryptamine receptors	classA	9.182582165195509	32.40407139685082	51.3620971808853	-50.631422569992516	-16.23052254396489	15.882544502859108	-3.7196852192197496	-2.58062043597237	40.31166355364448	-24.024717928687245	-1.6340264036581054	-17.39273453691484	9.549169881688536	5.8033016854297985	3.33595473917031	26.744553718487865	-7.123831655732008	16.405120514481464	-0.8652854563538992	-2.3901816119752572	4.9015841108101785	8.449634549798585	-11.88522179264878	10.016142304601674	8.995275008768633	18.061375760013107	-7.700459671505115	-10.127588376370975	-3.540198722189613	2.6206436983198453	-14.120862931074633	8.787571237882856	4.957381386299307	17.132349749830652	-5.866114027849181	-6.4500470572692175	-8.274323251358775	7.900737539149242	3.6678765212603635	10.503926459880201	4.441964473397123	7.048243340926956	9.450296328649681	10.394238974093202	-6.992070526258743	-4.359764855631944	-7.482083208979041	7.596820218801316	-2.4372569423883257	9.340126953970843	4.004153557609384	-6.992153717862528
ADGRE4P	-	-	-	-	NA	classB	27.414634534464263	33.65022466995044	56.47237630697938	-41.60292770161444	-26.471445904652107	6.317846393317146	-43.21981768397535	7.715964750106588	35.15727100153596	0.26322335778124906	-1.2544146460838395	-2.6580363975051444	2.147852740974365	19.106618350828814	4.817102986103333	-11.767741214428767	-9.216988344238295	-9.924812128596258	7.539957274078708	2.025221243616606	-1.2866852793493904	-4.005322153596332	0.0018012596432776448	-4.441631314997936	4.119519711308966	-1.8334354610489694	0.7046824513799733	-2.5593540757924944	-0.033645740392861556	1.1304848253589272	0.19566877622581844	2.783827266504016	2.503871558253191	-1.0776480776328718	1.0258474985619888	0.37482611245261654	4.31200606738251	-0.9334904186147495	-4.330243230770388	-0.16463226860033267	-1.690964787652832	3.9607678265909447	-3.545162343423552	-2.7085889751308256	-0.28786402303153297	1.0876566164111072	-0.9649830791361503	-0.40802139902111284	-0.14556741218452846	-2.386242539659167	1.0408326822058336	2.931809083550465
VIPR1	Coupled	-	Not-coupled	-	VIP and PACAP receptors	classB	-13.804703060485295	11.516794795023603	-22.96858136974501	20.93214261893126	31.162422801756126	-24.532379542098166	-11.319720131612725	-0.38743063028152996	-10.563373605259265	7.507930385966022	10.0416320404375	-17.160868152832048	-16.577262233652075	8.554485215304979	-14.549402650346808	6.397398790577537	-19.888046349439765	-3.1241581741311326	-8.12572204860474	-13.51310373137311	-2.323703497356806	7.23949766508449	13.897521960485525	0.4045826191617265	-10.28767876245599	0.30240678491331535	4.275593853724898	0.3946494690334036	-1.3350553805877228	3.0063870350632445	-1.7114817362368484	3.982871520996203	9.495943068744573	-5.17833617249944	0.8102392367952789	-4.624270292117391	-2.4204022504490568	-3.8639829745594487	1.386740184345165	-1.8713680177764231	0.8728909093691808	6.540969080799469	0.9555610835004338	-3.174579379352344	1.7548248928631116	3.8270875461312994	-0.509813984704792	-1.3822198798855958	0.47333736788044334	3.1058443614163473	-3.734200896224891	-0.1149992123512588
GPR39	Coupled	-	Coupled	-	Class A Orphans	classA	-14.966280444889135	33.13424186032621	-17.12418785279603	47.51817550601431	-13.721493774131256	1.4050106500813115	0.6579727105074279	-1.7347294653961571	-1.7345685420429642	-12.269931799137627	-6.10505220199044	-4.918989858057451	-15.173596214860169	-2.2778517311510678	6.670235923157093	-7.641977290180027	-14.484971469122312	-5.778741068214516	-4.884062394012153	0.8503809345206255	-0.516241703682789	8.633743816617853	0.5720978468857767	-0.9560521216979337	-4.530368323344175	0.04746525249844578	-0.5471183574667209	-0.2658822899217554	2.8161826319414427	0.03313585868193373	8.00143877787341	1.2329348557512059	3.2724868467328343	-0.33858154385182193	-10.647323485755422	1.6678815772995277	3.5376486128235753	2.117766034389518	-7.10021582082274	-9.796910334232598	-2.110498663117664	-1.2411441648561425	0.8646674776935853	-4.399096050388139	-2.7013110478466644	-1.2045216223608612	-4.184497045133742	-1.5899792306508238	-2.154801993131215	0.5377618931677518	-4.6446394883068365	-6.343274860640797
GPR61	Not-coupled	-	-	-	Class A Orphans	classA	-13.436058930708636	35.64149049539074	-16.281414145926583	11.329447872731489	-56.62622941082409	-3.068385760917058	-40.1299391689143	-27.207487015126762	-20.169205935701434	-13.80392704268795	-12.408632132809286	6.905232767873548	-8.349644150833901	1.7935337841633885	-1.3521343404936077	12.501711438287913	2.1708452716011615	-0.4080378369637334	6.158631255567668	-0.5260758899879263	2.7975875518743907	1.4795481334077472	1.0092300562418304	0.7020794870814785	3.000301205569018	1.129780912129366	12.902240269787278	-6.231967884362569	-0.3774482772589685	4.734427692395349	-5.711146154224653	2.119163101694602	-9.002696286607618	-4.0145903194044	4.060195613476191	17.748022273895575	-1.645798563847369	0.48319105887645836	2.999882625342241	5.536939939433113	5.689885460329039	-3.212122942719466	-7.285616550765508	-3.1403195594317683	7.810377820269107	-5.964668757593241	1.1777043889816607	-1.6130906270231204	-11.626806712902857	0.9863302924162296	1.9265933154729102	-2.0570494361884744
ADRA2B	Coupled	Not-coupled	Coupled	-	Adrenoceptors	classA	-36.41994335360516	0.21768003709740955	7.545189537052402	23.599947910980063	-23.19439104049707	-36.877393713820815	-7.41407333792143	14.98836123719052	-5.919170114207575	21.966056300719476	1.1311363719360308	-8.05127286670821	-12.006040980808502	-4.163447017030659	6.706463145896536	-4.095550213248455	-1.0121374365439322	3.3311430395165207	-4.379258827305951	3.799106950569884	7.099371178927446	1.7331170936469904	10.344998504908071	1.8357992178201434	-6.117575700862979	-5.310844017584124	-1.8828672801074298	3.004529870560788	-5.9460048291761645	10.755106450728457	-2.6910807720615004	-4.049246210252186	2.8764713291269426	2.4377413631410216	3.6167515666419456	8.201280969221477	-1.4190631747883375	-2.642388347688778	6.698092662783769	-4.683408185863651	5.932040749787888	-0.21236868201623715	11.971047145359138	-1.1471527629059948	4.750758165261707	-10.805752459493158	-0.32567678487616825	3.28735107845166	2.0873374705177654	3.448624421610593	-0.09576551527264952	1.6690688029853489
CCKBR	Not-coupled	Coupled	-	-	Cholecystokinin receptors	classA	-19.338818519078387	51.15105826115242	-39.7886313870703	-6.063383332934787	-18.234837423999036	11.263005862548612	-29.785740569413463	-22.271228103945308	-15.657680079791012	-3.9194202758195744	-14.614891486431327	0.9251561646091209	-13.869500756274938	-0.15372063367442773	0.32746450034710084	5.773877495087217	-7.616941694918842	0.9649142678552161	6.255976256551335	-1.363956441312198	1.7797255678297237	-0.4794107165216829	4.110521667086821	8.920229102445818	-4.932441414391016	-6.306661376424185	-1.3871265532389294	-5.1918533032435965	-3.8256293567510578	-1.097875949152527	6.174066977329285	2.6796132496833103	-3.7898762959353656	-0.8410443720698727	-2.1997296671662974	2.7019730226133074	-3.510561102833821	-0.7141039731673607	2.9052643032369003	-2.1330083036256955	-2.1248739838113573	0.09955871454412954	4.031472211431391	1.7552445292570527	-6.165625817809798	5.233409205329672	-4.276882036943855	-6.679938242166039	1.650731831940671	-4.68066542084018	1.402183979663513	0.5735491206976965
DRD1	Coupled	Coupled	Coupled	-	Dopamine receptors	classA	-45.7026400760905	18.67532267113554	-32.756149689878896	-0.9683030726351674	40.755836589333796	-20.463859598517022	1.5397930659081576	5.477325017355917	-1.581898276671948	-8.653523630887603	-2.7551430822195164	-10.979869345813706	-14.352220528440164	4.630226656112308	2.0379110480156823	-0.9533801069660647	4.909328724083537	-10.431662463448149	-2.043382671649561	3.272096872853725	11.38643073731572	4.039104369483914	-3.439238402857375	-3.62482658935782	4.415905132552806	-0.9645286958122212	-1.993996215914683	-3.5831357754286715	-0.5166478216148221	1.6308017479620842	-1.0361000793690893	0.4073238507520596	2.623626694565734	0.5178149295381328	2.7639756573994925	8.739192122464416	4.174099055525598	-6.038030594015034	0.3096942717003388	10.717496632688219	3.7944625135132055	-1.8966199722651036	-3.813724535518572	-0.9737268991526622	-2.4768158095349078	-4.136162986427136	-0.807879521420934	1.5918766820443262	-2.589901074605822	-1.7380889468897094	-3.447932849213349	-1.478268478313
NPY5R	Not-coupled	-	Coupled	-	Neuropeptide Y receptors	classA	-40.54355131058805	13.523120676073882	-17.126448774571422	18.987135507631407	-46.062665529294534	-19.565270636936003	-6.131274153039643	-17.09771638126925	-8.701289509960288	24.26573428316424	-4.2434301575447915	0.8510585654364735	-0.15887839811918555	3.797585957884283	5.883551667664351	3.533967558465856	25.31817655127082	-2.716309553723636	-7.695614860279972	1.4618814999443464	5.091621903519953	-14.246199030918758	0.06579719136388096	-0.966359630000863	7.344150404687139	-0.8831757624447915	-7.621044755364098	-2.493194256610352	5.604965956190474	-3.299766344315912	-10.54337314876962	0.3145397651534372	-6.528528141219497	-0.5984703604264846	-3.8337067778048945	-4.514027668066705	4.314632595725247	7.110054592941849	2.0775973641405927	-1.9338938111754447	8.419524792090902	-0.3358875594686754	0.4571721549473343	-1.5546480812047243	8.845041889486144	-2.0116132389769197	3.0171015311980725	-5.947264753417189	-1.4959147872635445	-1.9898923138168096	-0.5271665482516604	3.1211500866415007
HRH3	Not-coupled	Not-coupled	-	-	Histamine receptors	classA	-63.6073384193341	15.71040987486344	-24.908267591219083	-22.510446295615225	8.993370697171812	-26.709411225491326	-9.872690397872177	12.057932276613544	-7.5427203732273105	16.685440033451588	1.8028551902323613	-14.896588681154151	-12.326763882912918	3.6356608296503423	1.4798646972329705	-8.728202635482532	-5.769838836893995	-3.0957798046308604	-4.5290059202666635	2.262214976270174	4.822767518393077	15.105745752089783	-2.872292109818447	-6.018655677819303	1.4494280434624642	-0.6548949052980959	-2.282779470970415	-0.6061290392635927	-0.6418915576967301	3.523092036180351	-2.7155456359209746	-4.220308044709691	0.16995901231268404	2.044267909732603	-1.0251503341300239	-1.818638762424893	-8.622538705927616	1.5618943742980818	-4.648646805491742	0.9698673133465796	0.42440634503602936	3.373645081160434	-2.2277582216412424	0.7044655491361574	0.6172236722902807	-0.6722904476766146	3.210502449851167	-6.739581570649534	-6.512290439439013	1.5776332825935457	-1.2868251313320522	3.077230467020795
HCRTR2	Coupled	Not-coupled	Coupled	-	Orexin receptors	classA	20.180365441256335	27.412704991803835	50.33345029984159	-43.03447125222381	3.06432581564606	5.268779034174359	-36.64985273049734	11.128410378993005	44.40178340306066	6.94097671612511	3.541430789130985	-5.365450210200315	4.221039763552351	30.422399796741175	3.635425282485093	-0.014345901089746886	2.0829607345496237	-6.44923509771053	6.718892126725737	5.174400715562363	-6.413801192347897	-10.528528781491747	1.2744637639024752	-0.08990418296205083	1.8589596553049912	5.250085105972238	-2.7966710985615357	6.400895971613035	4.089307656737796	2.331621526187187	-3.0606059800306236	-3.657258678851331	-6.772724141229856	5.133272882833154	-1.6849940763860891	-1.1476897297427338	-0.4517006903888672	2.9001352613736437	5.8808372506382325	-4.406455525218534	0.054680331450348785	-0.0703808412871023	4.532785325903695	-1.74497479410462	4.15153064966168	-3.131761160348361	-1.1649264419435228	0.3304416977345789	-2.245372271971857	5.720804915356796	1.7260292277443754	-3.508848732296461
CRHR1	Coupled	-	Coupled	-	Corticotropin-releasing factor receptors	classB	-38.25069272622983	47.41293017494292	-44.51716958994815	-16.238001043720114	-14.620726084610563	7.607948491330134	-24.245729724007834	-22.50005207427286	-17.838333687771	4.606298907172375	-9.560981394937674	-4.010087036209244	-11.31182134542784	6.0488849664116415	-3.2314431258227114	0.1392515559301911	11.01983039282863	-10.121360436928791	-1.803452071398855	2.7101560344862192	-3.8411590586612276	4.218606059792283	3.8663635537448062	-3.8450944830655422	1.9720709317511116	5.634128877796699	-0.6326148594685739	5.070428717695809	-0.27462291635141106	-3.2531389270153057	-1.8172745473137144	4.335385747050968	-4.566653700064384	6.18084200939924	3.164879419424937	7.15333093821559	-0.7950746026507661	-3.455359143191084	-3.8480617642246355	4.9919868001533345	-4.972456768300034	-2.451233085628004	-7.791942341102493	-1.901005369285706	-2.487740085863071	-0.9508681065155367	2.454015803960828	-2.1338105794496003	-1.331996517955589	5.877771259632693	7.262452846662079	-1.5018955155163987
DRD2	Not-coupled	Not-coupled	Coupled	-	Dopamine receptors	classA	-41.799158480043474	1.0392561480507014	-1.7496094406777616	5.426536255801413	20.026916059835838	-30.03611424371272	-3.6274764390407137	8.187086118727404	-9.56738034069633	16.066523164971144	6.2114906714930775	-10.405134104912033	3.122298017402873	-5.293951200948963	-8.324189478871515	-14.506199015731337	-2.3679570980713627	-1.4960393645195607	3.3692975356500003	4.302153796590058	6.179056501436901	-2.1342700058401105	1.2597798568155598	-1.8394473515407674	3.148527088052647	-7.44034798491636	9.73717109225587	-0.8222299544132194	-1.7617471671964162	-9.210551613701965	-14.591768186460175	0.8317626702470063	-8.490498032539367	0.8305322720833627	0.2593578097820842	1.3170721037842914	0.15112508159039487	-1.0512250455647043	-5.466490951619217	-3.4543013532223106	-3.820234618733823	5.8549398440658225	3.1363091942557957	-2.7202727301655765	0.3088998150896765	4.771169348402323	-0.8339884063015297	1.838418613387119	3.5309217668204105	-2.089411692453797	7.916955847368531	-0.17167050758661773
EDNRB	Coupled	Coupled	-	-	Endothelin receptors	classA	14.54190866091178	89.936364422051	41.029937144103116	18.379446724308696	47.539075056141975	19.054369425017885	22.436876498208697	0.9979119549648652	-20.969948587049533	9.609655020055083	-37.845379795704886	40.443035019545135	-13.226960493894614	16.93129206135161	2.192616155236829	7.121842754262187	-7.44570174844503	20.46535600599497	8.14096470694285	21.28223444884037	-18.448377873011644	1.2316877002111648	-12.424186626853167	0.06961689218684006	-10.638205940482148	-3.028660414639599	-4.893653427438958	-2.9651004129079443	-4.658538280401005	5.0321762626621185	-16.276811864455453	-2.7344980874632605	5.965767868841923	-1.8956979318685028	-1.1319184111111837	-6.330741888017855	0.45889000926987034	2.3895872691459026	0.10305202015610888	-1.2502359948671746	-9.992901876533775	-1.101991568271169	-6.297412826730305	-5.4134816507915104	3.985446733543734	-5.447968738803216	-3.18537767127656	-2.3192691342949927	3.242452279410194	2.5459267378903556	2.8235805098209625	3.5998497160038543
GPRC5C	-	-	-	-	NA	classC	29.352105819020274	27.064211092466426	58.746849005906135	-40.482564439609945	-27.36558975774706	3.6432922295192616	-41.08455484873531	8.198186332813036	39.67587159221699	0.45822544685622385	1.5476425248499048	-6.698406691637384	4.1078486422070295	17.07407534328177	1.8114100879697594	-12.70937657446393	-11.185753220042344	-7.955323003447822	6.8045827391029	0.1470395957887475	3.642177644707938	-7.899940053683177	-0.07138948678660738	-3.0366845890462155	2.0067001023317848	-2.4474029891705977	-0.40193183249032005	-2.971820826963574	-2.765169602285435	1.169396462563402	1.0360530610325502	1.2852529082875437	3.218559173394731	-2.419527141836976	3.1524822967361037	2.564575318614539	5.381008380257611	-4.6423623939285585	-2.2322746803421323	1.3288571293401148	-2.2736771146492263	1.6502361369489036	-1.8991524564374476	-2.1816607804182495	-1.1146636412809545	-0.05992247309618099	-2.1247794412765937	-0.7204715175953629	-0.02017690661131417	-2.6331128776680996	0.4706120417435204	2.8448658612382434
SCTR	Not-coupled	-	-	-	Glucagon receptor family	classB	-18.844318283987253	39.98781532006235	-20.552486550661687	46.90009658540364	-52.51519101461755	0.6779563699592625	-5.512717757699751	-28.697165729202954	-0.8329778824860701	-5.758997922755777	-11.317786756676844	-1.541379017539705	-14.207801629947408	1.4800383112258264	2.995975480384479	0.9907161314550258	1.3843992017415372	-6.302550530603307	-6.279965127806775	-2.263240452210651	7.195728457642571	0.45637515322074457	-5.458585786027187	-3.7306096647692972	-8.383378833395252	-1.3094493058913106	-0.3148987894191638	3.465264057973771	0.9757406911037186	-0.5337521916238229	6.748842788040241	-0.8265061094826953	-5.24515326208895	9.132931784024455	-1.1710236879416056	-1.1925588093447714	7.705141089657159	-0.6670168616772947	-2.00018951108002	-3.065760149207457	-4.576716577939957	3.286661556081267	9.103744477407925	0.7679592720049114	0.2569348744799229	4.287197475999621	-7.305970086227952	0.8291519002399792	3.6821413066724302	-0.13830323567147182	-5.91066583271786	0.7604900872545749
HTR6	Coupled	Coupled	-	-	5-Hydroxytryptamine receptors	classA	32.3997450161609	25.581326477028956	56.50655310082134	-49.28736120000577	-24.135145218595987	8.346679928185255	-44.85362910666547	10.02264603820963	36.96607907410484	3.7638668390864454	-1.776461546551419	-6.862211899116657	6.004664181029014	20.918731696336973	7.248671022208355	-9.278527057748216	-14.262129237265752	-7.96187504348756	7.068932138503669	-1.053246417486215	-0.31979372775287007	-7.210763940685052	2.5008666824063184	0.13019883916134298	2.8371343449113415	-1.9264452479310388	-2.013721825698009	-0.7680183299747708	-2.5732292684761955	-0.4273281531669798	1.5002641308840012	-0.3118196337671005	5.390981923119541	-1.122289806273865	-3.139229200130432	2.1491189920551492	6.61988773774636	-3.744054718612868	-3.2296055937908994	3.630997689798616	-1.2914031595738056	2.9190947862787096	-1.2545872251846548	-2.377496525715073	-1.669750708857006	2.0048519977971484	-4.28453896375565	-2.390869192537865	-1.5475953211536901	-5.184885111941755	1.4226902798860395	2.4862610130094565
VIPR2	Coupled	-	-	-	VIP and PACAP receptors	classB	-3.507251635534528	0.7028556198977909	12.255128760778895	82.97624912651534	-14.103389829779399	-39.61302705888196	4.203006278877402	16.41133662233728	17.92775599056167	-11.47111511328082	13.296435319298173	14.488058631891816	-6.409273453832472	-0.9383423573648006	-7.995407590235517	1.0245051960321985	4.304164522201489	-5.688050084192867	8.06561481602334	12.873129778461827	7.6840635132279	4.973673074775757	4.4633999968437905	0.869704329811841	2.1015473170783783	-2.0057196197255696	3.4439589780190953	-4.720785160793718	-5.8254642983688	-9.177252168075258	0.7993669089062245	2.7336606985920855	0.4487406489088111	4.509905824748417	2.327024535866415	-3.1553413505633654	-3.63058055729032	-1.7593948266267128	7.00492609730885	3.7927308072393617	-1.3103083536571833	3.791226587687027	-1.8956215590230614	1.5134202239373584	2.9236022024722406	6.424331568831005	6.057904864290881	0.6041781896373292	8.41641190755643	4.587757866037835	-3.1820112709676054	-3.757969268769018
GPR150	-	-	-	-	NA	classA	-4.448067316677759	34.84838947310996	-54.2505152535008	18.434227944806885	56.467360033125495	3.829150836695133	1.967377317981743	-1.8524724598261673	1.2254143388282759	-10.092140392804703	2.474878500513819	-9.187882393814197	-5.9288060960387385	7.2682785201999405	-0.7930987196333511	-2.9295833040174006	8.461125583111786	-8.131169048091262	-1.7975274431607582	-2.268272342174645	3.6854722526262003	-2.4623820825427516	7.127310844493437	-0.6239418981730185	3.475538959898215	-4.221049579709601	-0.04872272205132129	-10.138088418132591	7.7772906079761785	-4.320161654350823	-0.035268772836255916	0.3790525040224169	-0.05389743515366794	0.49695113630669496	-3.3165571382885104	5.36807850668264	10.293342750789822	-2.187623004561963	7.6673995174373495	5.777119545227505	2.941574180562307	-0.44026772189316987	-2.3693360658695886	-3.773390037980321	-2.9970967797917347	-1.2067579886996664	-3.438958755111423	3.3871468044658988	0.06188256064498795	2.3916881693669114	-4.345587861880132	5.6884850242375
GPR22	Not-coupled	-	-	-	Class A Orphans	classA	-58.333777920522365	14.720998371543404	-31.5145790329024	-23.284867481156713	21.742754072399194	-14.62692507599519	-0.06485849394779994	14.577036365235758	-3.242452113587544	8.369924147463125	2.4256755330882362	-10.854686193169496	-15.302277982016218	1.2578215088770286	5.059872843045776	-5.002141599343306	-5.630969238580835	0.22723455265064815	-5.770453694320671	3.2573322274941505	2.497544391586388	11.325640963704926	-2.681617654238777	-3.4344981095041223	6.626853999014588	-4.351544240228937	-0.3361412938208781	-6.42571989083893	5.907027314124645	2.38405118390451	-2.643551922300223	-7.391720539449656	-7.503457863033737	-2.8254636409608587	5.626411721210529	1.2516465580350333	-5.220721569415522	-4.019793852575838	1.9010772528969149	-0.9658056450161953	-0.92660469046051	1.4752998192834093	-0.76412934371301	5.870116209637507	-4.117881962475233	-4.231950214401873	1.268115385499142	3.315897672082321	2.2726473864766707	3.460797407870653	-0.8385610883301735	2.13717076397825
QRFPR	Not-coupled	-	-	-	QRFP receptor	classA	-53.30150736425758	7.169136506936436	-12.548510914249759	5.219031347095219	-16.656904461395644	-28.345578585416934	-2.110561779125703	12.296280878796757	-2.526468704807055	14.120270365108357	-0.2200928984907641	-6.624370100613621	-0.760603871994154	0.5747760461808709	7.137234747699081	-6.229090156056734	-9.3251372873136	7.207125465445917	-1.9927676353208603	3.595305356385324	1.9463635602371785	9.371130278593792	-3.0864311250544354	-1.3245631019122648	2.8047060422224726	-2.9694738033599632	-7.193414485707147	-1.5057917889812382	-1.069575473172026	1.0604692921926226	0.8113751833778802	-5.54613183299251	-6.428953746487781	0.7757877386129689	4.0618560319057595	2.487606739508983	-4.049110035134902	3.1507969007319665	0.2778643456360907	-1.2720702160010329	-3.719666484117737	2.6790325617833983	1.2027378923621839	3.708004761613178	-0.03254648176273189	-2.7013672145797245	1.4280747451905942	-6.7074869934698595	-4.169874014556837	3.2185899074188473	-2.037293802927329	1.798521895943353
NPFFR1	Not-coupled	Not-coupled	Coupled	-	Neuropeptide FF/neuropeptide AF receptors	classA	-37.736741521744314	7.89366589493547	-11.331552532165192	-12.849000780339935	2.016282409476743	-23.27430551349311	-12.461734426861598	20.39160637941436	-13.23864544344014	19.30196429423619	-0.43438606043051264	-13.876774435514873	-16.816821782472513	-3.9001039421935757	5.17873931994921	-1.8560302125662074	0.7925436365665681	-1.2772620691690055	-5.268086197113234	-0.7353092467269127	5.5966555678061916	2.2313248062905693	10.61792622866868	0.43009942998833084	-4.304933558660255	-3.60398282520017	0.594784664752403	4.641245594194591	-7.037387843344288	12.334901774255886	-3.6478191369371546	0.3856600940949893	2.0742438199097033	-1.348238654506999	4.50949323866112	7.965946786067282	-2.515566925461628	-1.8105204589816688	9.867282437909038	-4.654836217825855	6.657396383459313	3.9407872791153458	12.760802012501912	-0.41650610511104114	4.774476009460817	-11.188305804493545	-1.0698051788512402	6.507844987408802	0.9718503994155446	3.275177794266033	0.6966119929378061	2.608024881025048
CCKAR	Coupled	Coupled	Coupled	-	Cholecystokinin receptors	classA	-46.351698868016975	-2.5251265138079253	-18.08478514117579	-18.99418575243701	41.49844897143679	-25.3154451386193	-3.900538909447375	9.898418793319061	-8.453154937813526	15.348621739189142	10.295580667512548	-12.178033657180684	-0.05561135841696401	-0.26268090930034144	-9.91511636883095	-7.36401063883565	-5.349011733363671	0.6971218222776141	3.8395509342613012	1.2303686055355318	3.7795295166286094	-1.734464216896633	7.924348821425815	-3.1328476707253468	-0.5550599554813608	-7.451560808444308	4.971751091072596	-1.9670009406714324	-0.9536379998996399	-11.898395566326279	-11.644139963367776	-2.6828179519611735	-4.70064475071263	0.6689030171772833	-3.1179985014380196	-0.28442389597199225	-1.754819043374187	-5.33132761129861	-3.550443149150748	1.314435653615488	-0.7284286310237541	4.535276591085526	3.696240541666137	0.1472568110690266	-1.5258730345691014	0.812108336395807	-1.136974410175386	2.5521743398059478	2.883646220984507	-3.744993901148818	4.7908324892544965	-1.592482917191736
EDNRA	Not-coupled	Coupled	Coupled	-	Endothelin receptors	classA	-37.126705014118436	-13.75298687108797	-9.8116637479893	13.8908729610144	-6.9872124764813845	-40.72443482345175	-9.741742937061629	-0.24078851221186245	-7.6578290832798155	26.339476148900314	15.037714767891961	-15.947414945906969	-10.516750207392914	7.066526813894035	-21.10316695321352	-4.065994641923386	-14.303683793546938	2.15036483879143	-11.063551176344676	-9.836134232403886	-7.407101227004123	-0.1688220015019945	13.599658535186554	-2.0139974560450864	-15.02305949549064	3.0179853702077053	-2.0087757871923686	4.705355093783119	4.859717315052503	7.113740695698499	-5.65098192062489	2.333537595694515	9.290107409558136	0.7166313010478197	3.4994798756354437	-5.157214136584764	-4.312673125278775	-4.022091867904148	4.154321551400557	0.34308223982732705	0.49508261934436426	2.3976008230079833	2.7082000276296156	3.278436231473357	4.059853432564811	0.09674088433886811	-1.0082635102231243	-0.5444426354530773	-0.38624358166598427	2.689262753344322	-2.9214967450018348	-3.33967918729178
NMUR1	Not-coupled	Not-coupled	-	-	Neuromedin U receptors	classA	-64.33749856038712	9.096621448982678	-15.55115596868969	-10.871651376970997	-8.774564609173304	-29.46072954720174	-4.340118899900065	12.025678149676072	-1.5171813896104491	18.641099281893595	0.7523604262627245	-10.34239435987136	-16.347105075209864	2.617923102241792	1.335500674176701	-8.159791152905495	-6.164022667959111	-5.309253066185337	-5.543946816792912	2.4965389171179373	3.4739047135266503	15.133673083238646	-4.4315938899052245	-5.991058757199457	3.490009273017924	-2.1924305719372135	-3.336950744803035	3.2836943154025806	-2.9529177476720347	6.009302266571683	-2.38534562540014	-2.6915543724179942	-0.17837960087567742	4.978769042492336	-0.21605095674215394	-0.5347595594950023	-5.546826967751583	4.290798779470225	-6.8237419669191945	-1.0421421660149552	-2.602064196548837	7.285984364178572	-1.6105462934287877	-0.8403953047236222	2.2956907073965422	-0.8593063253395875	1.9747589123005946	-7.686041289182786	-7.015200471718169	0.510313376234352	0.6508590475623491	3.371777569627156
HCRTR1	Coupled	Not-coupled	-	-	Orexin receptors	classA	3.3027321579874087	-43.13772759198021	32.06993030638118	19.308855397512747	23.261554187512782	16.268668374044466	-17.544124382314955	-30.16407661655558	-14.805547721506372	-3.2646154970579646	5.438941471331884	-4.316641695677857	8.224559654773806	-15.397847890422458	-0.8809928424168837	-26.033158090398395	-1.3698219061867258	-1.4429626477280781	-4.526125909188478	6.261043264655325	-1.3933224371598885	1.9271956589053774	-3.6774376146925043	-5.3654667474353746	2.250696418420417	-5.455661258813879	-9.620596629143375	11.538770486339518	9.409900580527868	-1.3213705676263308	-2.806553385676241	-4.278991069220019	11.359202656560214	-1.2889841733927647	-1.9189098477674638	3.415578775725306	-1.5063075224527416	0.8806236641831849	-1.598513787529679	0.79907634513277	7.980688554451754	-4.175858447866583	7.179194934416314	0.350098110250589	-7.065882551371573	6.308349310568798	0.5409825622279304	-0.4192023942431153	-1.5643496427616244	-1.0001991323340393	4.034588133371463	4.034904764230473
F2R	-	Not-coupled	Coupled	-	NA	classA	-23.750745966943125	11.681013911493213	12.036812413998854	16.35448546182401	-5.7931852474735805	-17.491808193132695	-3.5144907396873464	23.507259506843674	5.684038091494371	10.564866990732677	-3.2386856834710462	2.2777429087565833	-12.161292753738334	-2.608443715895717	18.37706695208254	-1.1758401769346551	2.806062900757213	-0.08501220388555061	6.427519452751427	11.3350141544195	17.46534305800055	10.87622857955218	-4.090562303893212	13.953459997007538	-5.984948892059614	-0.6355279164651116	-2.996825464049714	7.55357730289728	-6.625177983773951	-0.3904965930367449	8.875347160129959	8.989755060647195	7.972427776986332	-0.20370185545311922	4.584388243656061	0.006785050883205185	-0.004869920635100288	2.606539632108024	6.123184038702686	-2.3841586430780333	1.620576434990398	-1.145450043823537	-1.0741813989354538	-2.987409526750058	6.479757149662047	-0.372473425952451	-0.15869128992978454	-6.493394820924314	2.211907543260094	2.952124150175741	-1.999562668005724	3.364668861609503
AVPR1B	Not-coupled	Coupled	-	-	Vasopressin and oxytocin receptors	classA	3.4086984754993277	-33.47156529556698	18.97844387784481	47.572749883879965	16.932649271291485	-7.330387953336533	-20.931895233326838	-7.7008814963724195	-3.6560941413571673	-8.143357180440262	18.365970865292923	-3.2364112475405924	16.69400725672795	-15.955704716027451	-4.787053926375314	-3.9777942189747497	7.787151502582565	-4.121909923576029	15.654817200821483	-0.7976191117596084	1.248083592252954	-8.682183040038543	-14.94734013811409	4.1049626746413725	-7.442977102061535	-11.031934433594438	12.531869819269888	-0.8704035574506442	-2.2083371357372488	8.82424397098697	-1.0817353891497605	-2.6942013117684476	1.5210840465342892	10.450577108315857	-4.802198135295349	-7.755531606344561	8.432322202951319	4.661012168693494	-7.966334056633962	0.6334971313776198	-4.871307535166465	2.4407012118072866	5.547051872733681	-0.8164597776873339	6.171786225444055	-3.612794870608192	-8.784722536611547	2.6018782816852126	-6.981068206203455	3.4873915363256756	2.864416442408056	0.7914506101575368
OXER1	Not-coupled	-	-	-	Leukotriene receptors	classA	-53.68454035305258	5.458212412832662	-19.56609468376405	-4.304273826847258	6.318349820103748	-17.052951879975346	8.807323235360368	13.570895804351203	-3.037532576651145	14.119376806766368	0.5505492185902127	-8.915645350005704	0.49572924231297283	1.4571094549524384	6.669187061466705	-15.049483396820076	-1.8723934453567028	-1.0524097464787403	-8.562766820382583	8.243998554107813	6.416597140055934	6.448068201154618	-6.022454524917826	-2.2626597567944926	5.0148746812156615	-9.659941438556134	0.7132411021333491	2.0144419565047715	0.21014602743549882	-0.43655614407263665	0.7439566385669769	-4.736394609893407	-8.589343302504297	-0.27985954520975115	-5.335313860488606	1.3754531435713706	-0.5760832922745619	3.015959211142049	0.3878017386020715	2.3503448276950567	-1.9722557065167232	0.177541914741835	-0.7017964673242545	4.794416674584528	-2.6955069019559956	0.4328492924397403	-1.6257347745246102	-3.394069161558464	2.9393133016197823	3.794195935171072	5.818804134958045	-2.5463367274915316
GPR83	-	-	-	-	NA	classA	36.95990199604892	18.35078437034897	59.415804816482556	-40.98574915474846	-23.99941400789256	7.2747430368719	-37.781178877414895	7.049356095850632	47.88376619224664	-11.861196035472751	0.26018347725704755	-2.9083416334890755	0.3064083077252928	22.104224216422566	2.1172596466314753	-8.578102632162182	-10.546756014264293	-11.061025551003432	3.0882559249684456	1.4214582303566203	-1.024276266108572	-6.9933726584917215	-2.7758457294525773	-2.681994218457972	-0.3890793101234265	-0.08756069709721086	-1.3041402749408317	-0.5480857072106718	-1.1928098377210665	1.8710353769036523	0.21890878265475092	3.218074221782305	8.070619647030982	-3.5035022011195647	0.5317025798077055	0.5631125545553358	3.7124190568078608	-3.970200295903557	-3.6983210228666206	1.3205182769014923	-5.5886456320745115	4.016926982554131	-1.4505459830631826	0.12501585618411307	-1.9060509242392767	0.6555380101509864	-3.039469116718014	1.3076635214484276	-0.6914168709798606	-4.524551921147466	0.6666719939111431	0.13942551737334152
GHRHR	Coupled	-	-	-	Glucagon receptor family	classB	-29.96451168799852	-19.3998734082554	-16.086530156581965	21.475983606640703	11.722343468539602	-16.885750926223885	-11.122462501725375	21.64242717538273	-5.047758851454031	-22.464793658102252	13.050976997338202	-6.689094896320487	20.183379004715924	-3.6067119366025175	-9.425278137670798	-4.850467281262665	11.488026763550046	9.654270985628767	8.796129072785567	3.036266685038718	-7.824154914284638	-9.446810897000624	-14.221972259120161	15.870384553742268	-0.12046446162522452	13.139666857655296	6.205649021951813	-0.2517593755926947	8.128541659789018	9.34496939678111	-3.4952362558894663	5.571417222404507	-1.7728113516790587	-4.668354866570644	-2.3121863452372526	-9.874182165419723	6.251093470235038	1.6206866648017562	-2.2763859159574	1.3085669386473149	1.615017488015085	-2.253875398927975	4.571739251632751	0.39580480337269247	3.7888095361949126	-1.877615908437826	-0.7987585061511167	3.670574239489401	-7.896869952956719	-1.320443384728283	-1.0744230347211354	1.8179552991189296
MCHR1	Coupled	Coupled	-	-	Melanin-concentrating hormone receptors	classA	-31.645745410017746	48.49316103929237	-36.02582799731933	-4.9229173976583755	-32.23989286408336	10.02848226223668	-21.46773902711404	-25.31815803984925	-7.398092439070811	-5.184238749113326	-6.487430449106331	2.3232600204476985	-10.133000281537852	-1.652727579506702	-1.6247227517189313	-0.01220964951413755	10.193001763276373	-3.284640097133624	2.7467536982033574	4.410512465942452	2.0578816366618207	0.42828475919348963	-3.408985150684427	-5.001814397233967	-7.6086955122943305	2.2818332666247	10.8649242509909	-3.4886423895179277	1.3062562323158038	5.1492102834646145	-2.4937112688431364	4.2455588085271785	-4.48840517065136	0.3241318542764707	-0.41527250474324345	9.164524753894748	-4.382383702990655	-2.8914458178080245	0.28815676297906895	-2.1708582650218275	-3.6797397113143218	-3.6603027499414007	-3.9523190011144718	-0.09187867115217087	-4.331845275820795	-3.088940340034435	1.4747655957821706	1.5958295849112485	-1.2182818766620138	-1.1357492004452001	1.4466965747478433	-3.4556136751634847
HTR1A	Not-coupled	Not-coupled	Coupled	-	5-Hydroxytryptamine receptors	classA	-17.1569252045477	4.2065269471066165	-23.19992956335644	26.29262240315878	43.144985814362414	-17.289747894280517	-4.713764786602568	20.51826199150271	1.9020894030243998	-24.898268617686032	10.520004574036601	-1.9860962679620895	-2.0610825020436914	7.1014953118769055	-0.08278493906746201	13.414228670555786	-7.352831425670288	5.355890412324663	-2.6995065762366406	0.05667340593184692	-3.9096427656367605	-3.344976455420814	-6.963752226383776	-0.07622475356703136	1.450419390055924	0.03376327951902733	7.43185591827371	-11.535236644015567	-2.7655666774026635	-5.044327147981613	0.7361195493988195	3.9302639312032897	4.876800721493365	-10.371873264063364	-5.656293957627484	3.0277040053815965	-7.15301602350313	0.25234174790456787	1.5038819178723983	-5.690680929444843	-6.323984463081375	-3.862880376171616	-2.271400931557825	7.057492384516973	-0.7673483610286455	3.953453304160465	-1.820506227257237	-3.5268753414686205	-1.1679940535866693	-3.029343217377314	3.0753755640762543	-5.464649466598718
GPR151	-	-	-	-	NA	classA	-19.62127399118187	-6.247447996432908	-17.178973554775236	31.589382562473347	-70.06362740222225	-10.697850187879663	-36.4570119083568	-8.745881298559244	4.785520567580985	-31.961820559375855	26.208396333901483	15.557566281686691	22.201671078091913	6.042816581163301	1.2545439526484372	20.02534945732021	9.75807356517743	22.464161648897985	-3.646434587413298	16.090762701389323	0.5821866402897796	-5.172893416949406	8.239286956233299	-7.814992229391097	-13.374301377101391	-2.0666823097493463	-5.736735534749925	4.791269085582213	1.420133822813452	-1.0720210061546054	-9.064442453316865	11.307349890305266	-7.871667196213235	7.091695376497658	2.922559036564943	5.722108055043735	4.235517119802039	-7.791918533888156	4.067841917662881	2.1253337079064307	2.458324002896222	7.174954575535326	0.22124849728133825	-1.6183852008540507	2.414874422343359	3.82638660415007	8.114000667649236	-2.5106778693497374	-2.0614098508726832	3.015941906974281	9.94583228262742	-3.317193888076621
DRD4	Not-coupled	Not-coupled	-	-	Dopamine receptors	classA	-12.624674855157426	31.567895222096585	-43.224903755669295	15.134715503008833	29.76892288431383	-0.016669915305980016	11.092240310870714	7.959738578034355	8.22698742159095	-15.434717253607046	-0.5022335031272783	-10.445658284640233	-2.233371057186346	-6.709777083431397	0.31281383919814587	-18.13332913273516	-0.12357751595785259	-1.893818084684333	-4.317490223895977	6.178020246161298	3.9046883625070823	-4.19699552513949	-2.200598557187258	-3.933778720188538	-3.3924784828475496	-5.94138560571522	-7.1153123051094385	1.9818101193012683	-2.3222151132253535	4.1762965211145895	2.7016091255091252	-1.7682373284848758	0.49196513667721303	8.711940974555636	1.9492073110791925	3.62647810282383	7.014941208189295	10.855821147886518	3.896633664803265	4.474188580316494	-4.1563264251106435	-4.854372049727266	3.918354099964107	-1.514408125148473	-0.5506845981618189	0.79387536491099	0.27449612969279585	1.0513368152451055	-2.2869559478180763	3.768459389653977	2.0118818285582383	2.5882142883999295
GPR63	-	-	-	-	NA	classA	-30.542015789256933	-13.432162087893355	-7.201449555351189	13.64081946030118	-4.014228263732534	-39.21779628354609	-7.511333373259463	-2.289848235296019	-5.300576453259892	28.1671748274999	17.147930633286776	-17.021621042773077	-10.272190304089257	3.933505847943071	-19.980443185592648	-7.6137239730877955	-12.598219954976173	4.652651409954567	-14.86119433122074	-4.424530623877921	-5.052750938675441	-0.16234857237609832	15.439413682682401	-2.5909656892908135	-9.006325275024667	4.9681725735960445	1.9896422199720023	7.860717052792938	-0.36941977437815837	3.8665711272761594	-8.97022045976273	5.715407617390333	10.243976385550072	0.0748645565225189	-1.170598765891662	-2.9528685778307553	-1.953984262522394	1.285231401711926	5.89976088858277	-3.886005702802346	3.015108791192362	3.585920621684944	-2.3086228891831237	-4.0427472634449995	0.8866550003171564	3.08357635266258	-1.094906077684715	4.016986209563434	-1.2232976095633838	1.1023821183855058	-3.92665234865249	2.054238202371514
NTSR1	Coupled	-	-	-	Neurotensin receptors	classA	-42.785241731260804	-35.120115455357364	0.27111002363121167	16.169448199696816	-27.67067783364409	-23.69665599273715	-12.64586279400213	-0.03248550825962479	-10.474728039905163	-3.8656773099244965	-5.597044561250919	-5.1589241911462995	3.4329539647285436	2.1102813999677825	7.337965020421074	2.9676944632745554	-4.484635543407428	9.110286741978417	4.719243170262858	-2.867332484990418	-18.097956307691355	0.3098992288570639	-6.591542338466913	3.860907368789072	-3.422081307687976	5.729144402792552	2.1116910293574938	-12.245488544678475	-3.237263089898221	0.19625853417551856	4.390758594706291	-3.2295826051358048	1.3270311031881916	-10.809072092259862	-2.967002934957689	0.2523496092204571	2.616707975401356	-2.098891444158738	0.42839282222931296	-5.978574449536767	7.581996281101594	-4.398269626098758	-1.6615905286201658	2.9457240620264042	-3.45998194866772	-0.9367051565149948	-0.691129786524877	0.5210266714541442	2.9091241287300473	-0.711433096547193	-2.6065322660536565	-2.6930962205720412
SSTR3	Not-coupled	Not-coupled	-	-	Somatostatin receptors	classA	-27.2604559572996	12.823994767795	5.263548296532158	-5.594799518373436	-1.5382533752211278	-12.842075043520902	-5.751771658756228	23.718067309592673	3.072931006906716	20.03374985703719	-3.4448778608119457	3.7932863106753967	-2.7059621269017224	-5.1778761732406835	13.095480236588248	-6.496986541755268	6.906989268131706	2.5427619182226717	12.701504676485104	16.399257251530766	11.15823477531916	13.783827534931115	0.0042133589686938824	15.826917028456464	-3.5592973439245332	2.6761048108289285	1.5832513094852687	8.334000288250493	-6.761028095235662	-4.641069892582857	7.2297495964051075	9.71181866333849	8.30610629384743	-3.4380895955566193	-1.887782465703212	-2.6202472294472305	-0.7868227928184331	3.9698051708672466	4.446948745157345	-3.078693221592385	1.4610780958959109	-0.10290179550718719	-1.0568917419601003	-4.343559917682783	2.208396797891948	3.0376060501055124	3.9362918703910013	-2.421254299373805	4.129888383752922	-1.373205141675498	3.257505781959513	5.701464385204907
AVPR1A	Not-coupled	Coupled	Coupled	-	Vasopressin and oxytocin receptors	classA	40.20243929438028	60.35021359913812	61.49427746782136	68.28176256149798	4.498065882342878	-4.912040311425027	5.707332429160428	-10.764088823902622	-31.619664113851574	41.68266348440653	-25.18090646807707	15.548276404628604	8.483907647356187	20.15859990564635	-22.20592968886076	-0.8963695754642174	-14.392671078600713	18.430681791234786	-14.711140955107068	11.861856511959497	5.911180663546421	-19.091319919275872	-6.5871679397599	-0.08825450915620175	15.051501809320163	-8.388001713850342	7.599519084798269	-0.28202939332048527	4.614914915513983	3.296908659195026	21.63205731878172	8.949279964042999	-5.531472632992923	19.197136945984226	-4.0764905401242695	-2.9559443923210686	1.7558232940154421	-4.871762070845569	-2.3158649927561936	11.745741076467173	6.105588815942519	-2.769728622460154	3.8133727884179645	7.725459538782782	2.7065341277850665	2.1570228163918066	6.656957586708658	-3.9089141400050713	-4.303031921580203	-1.8401738290478624	-3.368049734092122	-8.150525371158729
GPR137	-	-	-	-	NA	Other	-40.41524084128381	-6.402008546833772	-23.994534895948707	-6.848869123756079	15.645955657923473	-26.045414569578938	-12.198242514864338	6.0330875777653805	-12.840689627781677	16.121316083276177	11.216758604030343	-18.846085267251546	-9.340772106136317	8.153666572264544	-16.35092653854321	2.0446171103384634	-22.534720273811622	2.463476860502481	-8.22642251604142	-10.580215612546228	-6.15482929488121	3.080166526500286	5.350992820037133	1.4502511321267113	-6.290109143887713	-0.29435937113788013	-3.0996444402620247	-0.9202906267042481	2.9532218508303614	0.7505239020023033	-2.3199237653009694	-0.9023139877675739	3.697033406078305	1.7160440384619278	3.586096307175038	-0.7491260469566374	-4.538716271323397	-3.609910781044441	-3.805371891407921	2.3725446614963803	-0.5933482357733408	3.074484439920621	1.3033943427697128	0.1390907703151727	6.157294640344462	2.046461597389401	-3.517015242314416	-0.8491697155481363	-1.9989533489567435	3.571276120964301	1.6237898288959822	-5.737964433399859
NMUR2	Not-coupled	Not-coupled	-	-	Neuromedin U receptors	classA	-43.346231883813736	14.851073491294528	-43.8115825655453	-0.43179059617245347	34.44192716265639	-11.212471558363351	-0.4769640339985202	15.420230235231408	-0.22511561103561514	-15.247764418353084	4.856545966603546	-11.151695402326915	-1.1083762116604496	5.959867076519082	-1.3366232146364352	-8.71872157958041	2.4427972933769686	-5.065559251650847	-1.9006025906726411	11.158792608241926	5.337769921779346	10.061335363146242	-5.226515878873413	1.4708220376892296	0.8243364138583994	-2.956137750126289	-1.7902626919922973	-3.8418364879870737	1.1258422176729508	-4.850531513806274	5.814603301670894	-2.7547459515731103	2.235550378355439	2.2572018799279343	-6.9932148408165205	-3.4833015002230843	2.6000377931507064	2.743730581953528	-6.027827964250807	1.6831518015736469	-5.5746569617865145	-2.1906886842982733	-5.311546790268405	1.626835819353841	-3.0204136179041097	2.145965587181331	3.7068781707102505	0.699887641138176	0.3393077076755918	4.071742793976972	1.9871122700343127	1.6246522825903615
GPR19	-	-	-	-	NA	classA	-24.389145105052776	44.753205409002796	-34.163871642890065	-4.051819680382229	-28.848296200418087	20.742559157416338	-16.846641933031073	-24.05668740517245	-10.322117100547024	-1.8656604438298658	-12.175503607144329	-7.755883869775523	-8.986739789910388	-1.0719982969810127	5.693761372228094	-4.048160174101645	-7.244409527291446	9.206475751192215	-1.0491555807390296	0.6733758726182879	5.373382736509794	-5.15228723970241	-1.382978687966908	5.635031487621087	-9.527579138364258	-3.057095602511347	-0.0001947783559636385	-9.445691760191574	0.2765372384535309	-2.5272828864899903	5.041191960564159	0.4056916486019509	-3.772524055148818	-1.1100695488160006	-6.524537778766396	-0.19320658065283683	-7.0052628784354285	-0.40269753511356493	1.7682885110327298	-7.906746535420444	-4.4189380292260525	2.3360409073051085	0.7095455856035926	6.879407032193428	-7.178359826421076	8.491528243335257	-1.8721545501035428	1.3107877838656097	4.71694923695289	-6.20376852356316	-2.13370287702936	1.9846838326706258
ADRB2	Coupled	Coupled	Coupled	-	Adrenoceptors	classA	-35.636682591909455	-34.00898629529844	-4.8453122394588926	21.93157355762228	-10.652022501378038	-45.383096410320334	-11.003824399330444	6.069574089533785	-5.518557098468619	11.498344756002805	19.115032909884636	-8.287567399699238	0.7174446234703538	3.426695006429469	-19.76010611454544	-1.8470437497596697	-5.367125878180699	4.84874941496261	-6.574152194930502	-3.223893774114173	-13.49760254434328	-2.0811051806111966	11.078017120377512	-5.725738109783538	-11.886335354750472	3.4864855310460374	1.6397062418736341	7.630982798000823	0.1837150678071763	2.7936221001412522	-8.752642434120816	2.4918611121454375	9.135853726350279	3.3740249655328416	-1.9343925194702007	-4.695324353341935	3.083723360689327	-3.7508892075721305	6.166689888644087	-2.18211160340103	1.6273322822103098	4.222145412748083	3.111817956934366	-4.001291100806684	6.092213191019469	1.0579280856682123	-1.3544628078673746	-0.6309895844185445	3.9132073601176045	5.062135172298358	-8.00993666792587	-7.22830215526897
MLNR	Not-coupled	Not-coupled	-	-	Motilin receptor	classA	2.444377274901859	26.8893755116075	-42.84750797860875	23.06912994448861	-29.521932408679028	7.506025983099385	-7.4054420987936	-10.818222581934885	2.5292869431927434	14.190647913394464	-2.5072324938008386	-5.158776058309866	15.248120459472077	5.659598156136073	12.84318832772986	5.988020897755616	-7.088488077851855	3.73555660183872	-5.445278567900174	-15.854442142411402	-12.499298141469174	5.594482819186114	-0.5983311468955568	12.929392188719035	-2.3470107157042945	-9.730550941257777	1.174261930319851	-6.142384297291768	-3.6856890321138613	6.781278822536076	1.570038522271529	-2.1291767013263594	-3.4297052206404803	-8.067693040007503	16.528887271017755	-2.93797781543953	-11.359383170904248	2.157070778336297	0.9751720288470024	3.643848912186215	-4.984065969852584	-3.8497267799228245	2.3772362695099196	-3.0827454666998393	-5.856423571557465	1.3742420315022343	-2.1787515453973154	1.75062101066399	-2.2512228193444694	-1.0132754531807908	3.680025418202411	-5.030140990668368
ADORA2A	Coupled	Coupled	Not-coupled	-	Adenosine receptors	classA	11.341096692249685	27.190794890584023	47.304418295855406	-61.886426833336515	5.483415578549934	7.863807623414632	-32.455319486344095	11.327392421356484	49.7371981536894	3.2640105626363547	3.5463295065463796	-6.476170374165152	-0.021900133576055365	34.739170636578606	5.7268653278234725	-1.741252476940648	3.638635812587547	-11.931408100785491	2.065776071609923	4.543805257494235	-11.665575548947238	-9.15892606917371	1.102800544629928	-4.882741965235235	-0.7564568415573358	5.21148511063688	-3.8631821429995306	8.333861981301053	5.911530115814421	-1.6239917966513207	-3.447241605247993	-3.7890776027709823	-6.386010364429743	4.027345728206536	-1.4757424050374446	-2.1112246139096515	-2.3270690940071344	1.84526986427839	6.0469935999273785	-1.9388873123279087	-1.8876127261939408	-3.843770475349444	4.079417503911946	-0.04172074958281736	4.277758149059839	-2.3176488998173292	1.3818698568861447	1.8230279378660283	-1.302715196362198	6.924014350050714	-0.6225339116194425	-4.017340189770546
CRHR2	Coupled	-	Coupled	-	Corticotropin-releasing factor receptors	classB	-27.20695453755336	-14.568105192105971	-3.0532287559552933	25.579681528499517	-4.926267427672973	-38.46437293449782	-4.050996341194862	2.014186566192113	-2.8893118634609456	24.344029528903036	14.868391314791204	-11.301428939213965	-21.781975481154323	5.820027719305199	-18.409457193950587	8.444136871768366	-13.40525343002596	-2.8143137911817875	-13.75357535633582	-10.002291276924518	-3.133410477050199	1.8443645210428592	10.225833402347135	-0.5401423628084329	-7.807226570352869	2.249144619268378	3.9292141725113017	5.259104566865671	-1.957273186726429	7.650030284645778	-5.229336351005349	4.1464024243001045	13.082317434027473	4.403742398783203	0.9391831091323628	-0.5393181517608924	-1.4111688890821192	-3.617569590268925	0.5972431949915064	-2.4062556637281167	0.464091257680886	2.682314331830393	-0.08174739134415429	-2.4673170009896683	3.9019929811613685	2.275445667672997	-2.0780755856517166	-2.648860565884761	-1.854370570907231	0.32128137056832773	0.03674719164460909	1.253804957187606
NTSR2	Not-coupled	-	-	-	Neurotensin receptors	classA	-17.262986208751258	19.618209451671557	-17.38552683752889	42.73229668013086	-69.14237406094163	0.6239613328192569	-16.77887833553819	-12.14402254228777	6.676723037443563	-15.166012618280158	0.7543944231380662	10.392889387038883	-6.662644854552131	-3.3849236990586817	-2.34492641172034	2.4002696602650517	-5.54950629211603	8.062996271361097	1.9796834323764427	6.145723342847605	4.139552284008794	-6.129830559409852	0.7885377514606966	4.826345900917938	-5.397385234508682	-5.106781254041961	-8.603369718572752	-5.935215869316458	-3.4405401234668744	-4.429864382291177	2.1006338063574472	-6.2694240590386	-1.5656872011847602	10.440819254406836	-2.7559396770882665	-0.8398589251757497	-1.8543424496087104	-3.4216299917409083	-0.4011694271786067	-6.788280949850676	-8.07278502576147	-1.1831062581661487	6.464137279705376	2.380174133581562	0.5997015484568902	9.543971500166561	-1.3717813813621529	-1.729935684133476	5.598004523382472	-4.445884600242451	-2.5920370876619585	-3.5816009112830307
ADRB3	Coupled	Coupled	-	-	Adrenoceptors	classA	-51.70269085053004	5.844749554860911	-28.498432576037896	-23.013174356713872	5.8966408503139185	-4.221202668558234	-13.897846235636822	22.71074071684244	-13.36036134724769	9.988983368543268	3.5568730886822344	-10.165832540212236	-6.2755007597291765	1.3530964482536354	9.781055707916327	-5.742638070543269	-14.866405062807928	6.457418827876098	-5.0306358933774575	5.633552758628939	-5.823633525716066	9.372956319772479	-1.3211045408437936	2.8225064082911913	3.8055632039383034	-6.483788952169153	-2.4783081744034963	-0.9784631841291719	1.4704783607294594	-9.284826226795253	6.021792631152697	-9.430998597141375	-6.475441945316266	-0.9756225102296355	-1.8167707652124678	-1.260977460804866	-8.372639337955249	2.714376533456652	-6.357869103837974	-4.551375231048883	3.9001483742463208	-4.0178879735117565	-1.6663315539913037	2.8445242273173905	1.9020465585572464	-5.124834199330734	1.718512812505597	-6.3658013466768315	-1.047503428868496	-0.053249073688483264	4.830465589035403	-1.1850849067677365
TACR1	Coupled	Coupled	-	-	Tachykinin receptors	classA	26.056712038681205	50.301722569866335	24.189872936354266	38.3499062976003	35.82695076552478	-3.4852765842880484	-3.8290447333863753	1.4343153035720435	13.834310301380356	16.4862742059175	-11.897216998625755	10.957198541576876	-15.657791600730038	16.57706806131802	-5.482509535203253	9.369571931162595	1.4326724710365595	2.7915538189666815	-1.5316502503751497	1.76140785284894	2.409079722017653	-15.207130189184536	4.016283879319234	7.030888577675805	-7.8912038138610505	-2.0743919558608974	7.492317065248373	-0.7759545458447384	-2.4315630225427465	-10.28109580291129	7.75600827206423	1.8779997151863466	-2.9786043930710426	-7.218406745941943	-4.726452739682826	-2.4702819338231525	-13.559054725193434	7.702165682904156	-1.5663776257895528	-6.440068745200198	3.101382550362863	3.052565715696543	7.638401492203793	8.003580225902082	-1.6224112934868422	-6.3943867399314644	0.3508343714192705	3.581796037977477	-1.8786859420176572	-5.032406571441632	-0.25824823621865917	-1.4026416912673365
GPR143	-	-	-	-	NA	Other	-33.602676112712	-45.93442417973923	13.152591886691122	18.810618298624412	7.451965539545595	-17.640013650454737	8.667690628689737	-3.732749141073167	-5.041163202964763	-15.610330328812239	-16.34710825756575	-3.579580727820941	2.0222770974051016	8.315041629163035	-0.6907706955394776	-1.9377531017781722	0.29102302616862213	-11.269992077489665	3.588626109434807	-8.653320401018581	2.476506998053275	2.560610022101588	-4.814572422579268	-4.9305061477432455	-10.517783323810436	-2.732680303278195	1.5664857181830387	0.21567720269826185	-3.0986666659747946	-7.350059486272499	3.956204511906648	3.149846825197511	3.4850503316562627	-0.29996527432047726	8.167939563312565	-0.5359486594697072	-1.0910552381719711	7.707897560740655	-5.050196876455091	2.9179427431118032	-1.5569967221959469	-0.5498210170634115	-1.4607176676596343	4.5475196429846605	6.369992029565927	2.4901037953729497	-0.2760393679192375	-5.724334404721261	-4.338444877110241	-0.9372540393641006	-3.49118361642729	-0.7578006836275117
GPR182	-	-	-	-	NA	classA	18.322575651765515	82.68421123562382	48.58452742062611	20.190332671143576	34.53781771265207	21.298657576800657	24.94480703700791	-3.4026407924079267	-20.359618055971563	6.044796551432142	-35.79875178658226	34.164159964060744	-12.570668945392468	20.629410941078216	3.3639971053348714	2.6467931151727186	-6.88165801022604	19.561596989834122	0.2443751965093847	22.35282213621774	-11.872282256110914	2.22778517345777	-5.658557060273029	2.4271295127179737	-14.513289267938847	-2.8133485638456057	-9.550246033941159	-0.5354634573200986	4.524687384088783	6.783378918067802	-19.70181927958699	-2.238845203916099	0.25284725375466655	2.243996273169453	4.421331532721478	-5.23232906702354	1.3314587768913426	-2.042709899086553	1.0325019930975656	-0.18026443781948942	-3.2832068460581696	0.6691889537301152	-1.1837540669332858	-5.209334006626197	-2.710338524168366	-0.6149855185677818	-5.163000635025504	-1.5788595187724117	3.2695769067084477	2.5377030851161835	2.5717022835624914	6.8590739325072425
GPRC5B	-	-	-	-	NA	classC	32.48888546643106	10.718498117896786	14.75031536664985	71.23287046598037	-4.666232844905957	-1.7732579070612138	-17.650735825629443	10.812631105213086	23.56951732055177	21.4783884653405	26.94116508615771	21.302874345913253	-13.044263029094301	-22.10506343533724	6.302279455049987	8.34025054181498	5.436198440045355	5.331901579337957	27.654633831966954	0.9107993093230315	-0.18528018858432693	-6.173687916311024	14.867760234401945	-2.9167370145599882	-1.2361122883940192	1.4578965020891266	-16.53403608791189	-2.294668744240392	-4.043481545641474	-2.7979531444094436	-3.468488316145987	-4.560615464507878	0.1334611670000993	5.663879917988003	1.5867807194364685	-10.16382810418354	2.501241930876194	-3.816242406925588	-4.850298511157407	5.818702225282307	2.6713161487991974	-4.317069605760697	-0.018229260330236245	-0.3438177411760694	1.3705045662931967	-4.4059674853068	1.1926089876349681	1.596908672890839	0.224094190734714	-3.273806224646844	-0.3543500420521288	-2.7447328890107987
PTGER1	Not-coupled	Coupled	Not-coupled	-	Prostanoid receptors	classA	-14.387925450643122	33.59545940821572	-25.312326476974796	14.088352856132882	-2.8604233792869214	16.579700245958872	6.413920906023492	20.13739042387338	14.017143368415054	-3.3134171268972312	-0.2515057961448112	5.047090307893101	-4.085476959836834	-17.091041432178415	22.93578216631681	-15.891344898804112	-11.632114032361587	8.504336447139162	-2.8268173984405367	-0.031314469658812585	-4.824677521265604	-3.8324372865705145	3.071265116945889	0.1445356381039288	-2.953940387511849	8.270671082056777	6.238645339921211	-6.349516696264003	12.463437910763915	0.18709360000277142	3.408286755739833	-1.0662645243140019	1.1136359405136373	7.748046145345308	4.888149625712372	-0.7628166568465427	3.4177007060553954	1.0773352888835346	0.35633161046735995	-3.5659513991844807	3.4282433158858425	2.466330394817371	-4.3517512751567535	2.4943524148304905	1.3241493896032024	-0.7361737934315786	-1.5683840310258308	1.5242910400890806	3.8991040137245117	-1.7886387354401483	-1.2335128893550584	-1.3679824713029207
OPN3	-	-	-	-	NA	classA	-36.72246428798599	31.5125052338225	-36.74884533230068	-4.1342189832776	-33.05497191186938	9.670318025993987	-16.366166689869225	-22.24136333276263	-9.453845639717771	2.8022408642760537	-9.51698634251	-3.2692759256686097	-12.262994212795983	2.6310245972111175	-8.917404474085496	-2.600331877723877	2.8186447484567623	-5.297991648283294	-4.530789182475823	-1.8624710465655212	-1.6362184720020179	0.9430509545554042	-1.897382175071052	4.635144944565316	-2.2232007802296803	8.086355656014451	-1.8198916887884082	2.2166479757078745	-0.12019281952048287	0.8039503412040472	-0.23453516161725685	8.504547670804433	-2.8056030237948613	1.9203029721158646	-0.05335933426164012	7.415079548506603	3.247858478271022	-2.5911470437898942	-3.1226525492750503	2.8506107236995115	-5.307470211918105	0.5148911793563271	-5.220463946334968	-3.6751910881919376	0.8323506194489264	-3.075196931307865	2.0763172948410498	-3.6026432667116226	-2.3619132241540903	2.5871900603736018	7.712187522807329	-3.4544027556862136
DRD3	Not-coupled	Not-coupled	-	-	Dopamine receptors	classA	-57.71675504490961	-28.48848838713495	-14.209501464264367	-18.647600542347657	-9.21486375525316	-16.276755023865018	-8.64710887806221	-5.557024272311891	-11.225747273727972	5.524505549101599	-8.65954483409338	-10.241018713451696	10.173236446169211	1.4054644206169205	-1.1888932244060257	-9.60894148387042	-0.3635397265415816	10.918709698376386	5.413436095193264	0.43444208591522965	-11.084497483109274	-3.125720691475105	-1.8440888574177539	-4.7008584167378995	-3.3096674133069803	6.787563696205862	-9.107669087511933	-0.974101129080928	-7.724501068687079	-4.424975549816675	6.318253444541081	-5.820415389580735	-3.4660120355695834	-6.822645864415081	-7.37970569122046	2.163788952275214	6.411856723246425	2.014857674680949	0.409110509730488	-0.9865318643391086	1.959372977536007	2.112382983009102	2.843079262119205	0.38868483605176873	-0.5131797562843758	2.683045091872101	1.7147129001694832	1.5087537689531045	1.6962270922036085	3.7642078475450744	-0.0014567986618725989	0.31613274804909514
OPRM1	Not-coupled	Not-coupled	Coupled	-	Opioid receptors	classA	-60.329674363168486	-8.392285598742529	-23.251484314241058	-20.05611923390497	33.87666886483144	-27.089888758275496	0.23575170866932962	15.196725461925542	-2.1970872039476363	8.667499925606583	8.240320603211305	-13.306191979919337	-11.451689948927203	3.701813623136412	-3.666493741219327	-1.7065321966878266	-6.225529665450502	0.2625741577776695	-1.6075406958771932	4.12982985367519	-0.8366716891236512	8.076532664982402	-5.056960755519832	-5.03008259795824	-2.2352850701934894	-6.331171568096844	7.463055992648264	-0.9571808255274152	-2.4192005052339263	-5.376023251787094	-2.6039510766985976	-2.274115590092867	-1.3518024910901412	-0.134882013537014	-3.6265580399727284	-0.8271385345842857	0.4017064269808021	-3.3075216849538625	-0.382582318054621	6.6290948791184245	0.04660291282056576	-1.0552483268574129	1.7209268666626039	1.1775124197873192	0.6094363780773625	-0.8957287277144292	-3.764959599697558	4.8087078200421205	-0.6193344619526093	-7.081747067536433	-0.9834755980271785	0.5465560642859556
BRS3	Not-coupled	-	-	-	Class A Orphans	classA	-48.57873413206436	-2.412276892718304	-22.444339658440043	-2.75326419898142	-10.969342867085691	-7.4157460273337685	-5.396133578222353	18.99877742655546	-6.491633506025163	5.712652658328872	1.1112919118906204	-8.757010069796006	-8.595805852032356	1.3352101668624052	6.894068931896609	-6.376829925867007	-14.372379222609638	5.492542675651488	-5.485883382453923	3.456514811667503	-5.0981933103766295	7.4887396199198415	-4.118635217408608	5.879476285794542	-0.18392097520809292	-5.390120088473168	-4.659372482084253	-0.8139415763945523	-1.1562130261420613	-4.457003473950967	4.193481653149318	-5.770981130341401	-6.72856312514744	2.147222377198563	-1.080040317645564	0.36170477724088324	-6.0862605446715285	5.162191079493584	-6.266185923535794	-4.846637759002453	2.9187637960178745	-3.065849463743349	-2.691803100969554	5.070281825860475	3.4212340703100117	-4.793821684363456	1.5253259638102759	-7.440404959636082	-0.35195767344622897	1.0911266883089632	4.676954098358833	-4.620342723762415
TACR2	Coupled	Not-coupled	-	-	Tachykinin receptors	classA	-39.41291204006363	2.54280770708338	-40.006811716207935	-22.34113668810736	24.24431041034931	-19.65804568894157	-14.389287709578387	13.132839154329798	-9.978012558090283	22.1368489714003	15.629892826961026	-17.615338674428276	-5.479636825583136	10.49318638563882	-4.947882918755567	9.437257584856345	-16.627400435775076	5.193925880153893	-10.106387692895849	-5.637612309660497	-7.2828297812033895	10.473977491074617	11.708503753882338	3.1082407557104617	-3.4482410671620394	1.407042970451842	1.6996840133123352	0.014314556611720888	4.731304385859268	-4.178870817405229	-0.3330106364438602	-6.722750666106163	7.0292720128368185	3.634800061482188	-8.150181020402522	2.9466411839073623	-4.603542887532795	-3.564440609747935	-10.444604022111296	-0.40417320219669994	5.670635979153798	-3.9862818475552984	-0.5402232061329175	-8.51567556948283	3.5627043040909725	3.5178999863565426	-4.779369639845075	-1.7374517076484	-3.634112132575783	-0.4151228157209078	3.7913997555715158	2.7872257799339106
TRHR	Not-coupled	-	-	-	Thyrotropin-releasing hormone receptors	classA	20.254157229833872	18.537531070333802	-15.51048000708737	74.82892358032112	-35.033888440682965	-0.7831546792646916	16.3418745554513	-7.334780212518959	10.154368790675024	16.24162848602298	-3.419297039423091	12.105960373585475	13.519082757470846	7.1686322185068105	8.55251544821408	-5.028611177497668	8.764417403926304	-8.437065219355514	1.690011979196387	-3.6472392953619432	-9.260718365368703	6.83828843519941	6.672197834575385	10.298157130635136	0.32823496755345377	-3.8271206567399325	4.843987438239155	-2.0696718710550552	3.8444878836226404	-9.166326154797733	0.37545208111846123	-1.4181548777017783	1.76947413315957	2.7309970283577507	-0.18181628913742623	1.6957191286946856	4.322285209170746	-6.0239595951603615	-2.664085773277201	2.2785091304163223	7.969138549772318	7.183576189203842	5.213049547692213	4.185113940564297	-1.0305274678167566	-1.213314626231149	-0.2096456029290873	-5.090519695156465	-2.369586319022542	-1.4906389049257787	-2.4082499967651168	1.1595906872072752
S1PR5	Not-coupled	Not-coupled	-	-	Lysophospholipid (S1P) receptors	classA	-58.40621888748468	-27.371709012939746	3.0813731930059913	25.641385516751594	-34.59729766733225	-42.879173297995834	-0.11300038585252307	10.94526269426151	8.812918643341648	10.864936673104294	6.6960437109676025	2.9257324808916	-6.071318325151941	3.044926358715689	-0.00787008649018488	0.8333636976939305	-5.331571525425007	0.2146936318510479	0.8410019909407835	5.676130219262019	-2.439757204295188	9.05729100219559	-2.9752550161623623	-1.456030973100555	6.530463095941576	-1.5128976572995294	-5.002107725929391	-0.9606990608248016	-6.325329583730812	0.8659827058791904	4.46396818881093	-5.982484299962019	-3.5274024893692237	4.598307034174434	-3.1673843105108035	2.538994550925775	0.3202480974889117	-0.35649328013308373	-6.1419335280421	-1.2230870838655328	0.2557429273564333	5.772555217474082	-3.6958252379885708	-3.806807208104967	2.614903782071559	3.014442990817494	3.8857187558408164	2.836661310786034	-0.33240118382609296	3.195656048304203	4.2103730872176595	1.1087853375075545
KISS1R	Not-coupled	Not-coupled	-	-	Kisspeptin receptor	classA	-8.529198484594872	-38.102631325056386	16.579793694212526	-3.2206721782017733	34.29354217546648	12.854286194519943	-18.38594578590992	-10.418878982957676	-8.723186757915586	4.315080879975576	11.916042286969258	3.97977794119132	-2.923765718284788	-13.323072389310823	2.1625790840685317	-9.840934974439406	1.4069867026666114	-1.8649464667036917	6.07063052799511	2.873400809093477	-10.760312899987772	1.6145156292910752	-9.185952857735497	-4.983913438003929	3.3567120092258507	-5.2997376981733995	-4.325758329335734	9.941269060688713	4.679498957564722	-0.8419689865954031	-5.286196602778741	4.175229656381024	5.224948595350607	1.6219467129204548	1.5672915916841244	1.4352089479127794	0.8150843374324317	4.951557677634895	-4.015244858904559	0.48763899738749517	9.445104121076485	-2.689215524048219	7.258853519450592	1.5303856912550935	-2.903455358705014	1.4916063670745294	-4.498703346633503	-3.2431612379494967	1.5169094218481807	-3.746524992650858	8.003550032232363	5.939192766298689
F2RL1	-	Coupled	Coupled	-	NA	classA	-7.67274697996486	23.108130741820048	-42.325210116972826	21.86289732032076	24.76863695684739	-2.0971319121449903	3.6612050523412125	7.442072713687897	10.195314713432959	-3.0455048368827775	5.147796033917387	-2.7794147856707996	-7.870850046644014	5.857055588397697	10.168718613653077	7.293520485879279	12.006513868515032	-5.850424831935241	-6.02410724543251	-2.2578410307135157	-7.507692557755865	-2.326648950943866	-2.1269838192337907	0.5492541134475865	-1.5017240321387324	-2.233430407006232	11.346354765855219	-5.830990015316562	-1.9913569205527057	11.885023464755221	-2.2367775265989844	-5.243114797611397	6.26947882912612	-3.4969915211393348	-5.297161064496462	8.331575400944626	3.7377011411231678	6.443895373027692	-3.62763100251582	-1.8271280109521322	2.694471785659614	-7.044844308165792	-2.00905618207211	-4.888810964060276	-5.2221931180067855	-5.700774860611678	3.222182893131896	0.8574781731667054	-5.330995974939669	-0.8828273958355128	-3.1704914446141967	-4.396043915264204
GPR84	Not-coupled	Not-coupled	Not-coupled	-	Class A Orphans	classA	10.098397465930578	-57.42732415173174	32.79072913225608	50.64148871829265	-32.6300657813812	21.20593103343869	-4.866900048338649	25.203116658753284	-16.552332979954727	-23.529708326324197	-11.039173225461864	0.18994362752132854	-5.549600912231534	-4.306140947261943	10.95972195064299	-8.776380216095307	3.023507139943994	-6.48330099037775	-9.075050765276005	0.06296586783719517	-4.2707016579238966	-8.467572225400565	14.00697176681805	5.934441052884532	1.51523073360313	-9.089311281948593	-5.120599580255197	-1.3827376167202636	1.7539960355060675	0.35373483034430436	0.5752042152279685	-6.934002202347425	-4.009464032198837	0.8187982176900566	-2.719162816375486	-1.5515843625891736	-7.3450577377023	-8.8100342307996	0.971138455813751	8.375038310673562	0.7240436288268641	-3.8726603633713257	1.701986434058739	2.5638652310504937	3.1171236072529456	-0.5547201056851401	2.4838333057136084	-6.741519483623213	0.6032472151776661	2.0110405933606263	-3.410537404133627	6.91033367478304
PTGDR2	Not-coupled	-	-	-	Prostanoid receptors	classA	-42.94543527746754	-2.039842201255107	-30.583987633551054	-10.174662947978796	36.39870548501048	-7.15052412786503	2.8721985432372175	17.35056185071799	0.2748134915205476	-6.105700459377483	9.212026632563994	-6.1942709931395505	-8.900878607435352	-1.5857140044747418	-4.108637585852336	-13.012385671786882	-0.5457506060245185	0.6227822981882121	-2.195469173933559	8.956025448352126	-1.3843991285128412	6.029888499343489	-1.8871257075471168	-5.112716895749291	1.4450946924919374	-7.022763965514418	-2.3545217871469393	-3.00684866155398	0.9131759895002931	-2.688028257157845	-4.671398903632883	-0.2971276352925532	0.2806726708879094	-0.7535043186207216	3.174254177033185	-0.8535854467056682	-0.958171997345497	-0.696823680829251	9.02115957245517	-0.8834769729680688	-1.1436396954137567	-5.41090410696196	2.1368141200323323	8.087024719673837	-3.243090689676496	1.5879717221188254	4.991703795778703	3.555354321078469	-0.9741301692657249	-0.7753113513045714	0.17393324099196364	0.2514847949507906
PROKR1	Coupled	-	-	-	Prokineticin receptors	classA	-57.309944998849986	-30.537999444021775	-12.164726415827179	-12.920892729704004	-18.3305911977751	-16.532369992413535	-3.295216886799702	4.498455198105004	-11.157919941110864	7.439255873077476	-6.997225560868856	-3.967185646884981	3.3347256642655827	-1.9544901054744723	0.8546429702476465	-4.661408527798622	3.3726448239731814	7.953359499097409	6.817516566195895	1.681600875180122	-15.730145566373078	1.5394911023196436	-5.516580457913629	-3.7946859237902713	-1.391642585093573	6.286933365964325	-1.581983119189777	-4.114762463723963	-4.3036869237687485	1.7793169519872518	4.687500162668238	-1.3644229914567734	-4.946928499652023	-8.80385041281653	0.7453250189442291	-2.4828476916673865	9.778585174438522	1.8106296544606701	-0.5206955696317874	-0.975366649988139	5.239749563188742	0.8490586573818659	1.2683745153861634	-3.6911454772160823	-1.2644463731163509	-1.6137566709604747	-4.496651375098609	-0.7259118700329988	1.0812891624935212	-4.319180630391755	0.7556351773191998	-1.6026941730817637
SSTR1	Not-coupled	Not-coupled	-	-	Somatostatin receptors	classA	-30.036839553625853	-34.67959265021853	2.4098802659815983	-0.9024523418934357	15.93636700071179	-4.212716325818494	11.72602717082125	-0.17486082727170096	-3.802904803585342	-2.0764394506248465	-18.805129883484575	-8.760644095887917	8.019784594070341	-4.096987292917621	0.591594152724044	-8.394816810685633	2.783537261779759	-3.9971901592896377	7.673700525935023	-10.301777062548307	1.2675933917932545	-8.664504839424591	2.5125710486966595	1.7774784063720896	-5.351061278633104	-0.02292262091181882	6.608514300305002	-2.952184606690024	-1.4015101113329353	0.4806780325988066	-4.723582961241882	4.174192836570148	-1.603034428408386	-1.877143001276551	0.5656098652573504	-4.872345987434406	4.42411759175321	2.659577724968611	2.494999700506601	-0.24898248162319378	-4.121456871198139	-0.1464213077875845	4.220227590958548	1.79297821168536	1.8648933495168767	2.200893729428224	2.1273633314538354	-0.4480940445548517	-0.8525259262817244	1.3839074056756586	3.536882738165786	6.505386987063277
BDKRB2	Coupled	Not-coupled	Coupled	-	Bradykinin receptors	classA	34.6077312876626	13.099444504500037	-2.2697949160078723	37.63126132543016	30.793680046927793	15.041192920138128	-9.802608663513839	7.60376220313159	15.510426500051386	23.650244952422543	22.673736144979905	0.3898426991270945	-6.239602318171645	-22.18390735990606	-3.168778366642717	-2.917758476301535	2.1892663009791398	4.484585157752313	23.95718207145785	-4.391661371273918	8.534311189843311	-4.272565918981162	4.355468481237197	-1.5118126575935995	-7.6481902988568224	6.025970574632451	-7.342599913991269	-2.698192526286946	-4.69587784369988	6.487390157714307	-5.1402404670698445	4.932615289367271	-3.1356917116603022	-4.081508068541412	-3.9083645647182044	-5.401317321933814	1.4817378639968484	-3.7267207639415094	-7.376616467800021	5.305854390679313	-6.634403394814091	2.141007344004397	0.24378154646760597	8.229477000860227	-5.656792708260854	0.7476615428937463	5.6726816707364875	-0.7878121050856771	-3.063061965702785	2.220998534363487	-3.698470930494158	-2.362073363908096
PTGER3	Not-coupled	Not-coupled	Not-coupled	-	Prostanoid receptors	classA	-43.8848098716612	16.23083189287842	-53.60795827150198	-12.374220352504837	-1.7679445830391511	0.06758471100311295	6.8380816910369004	-15.973830752206526	-3.0952901004715407	7.85855037435514	-6.624310376141786	-8.752145960181982	-13.548974974129944	12.071130932283554	-1.0908705289952647	11.748979067403246	25.190638086368406	-12.005385785143545	-10.583880567897937	-1.5312421877150781	9.830919395604866	-16.84332346072692	-6.811792165895126	0.4547708176780933	0.0059869733097926555	-2.004622951686317	-10.364602546041173	0.7638502920358533	4.947499359128724	0.44243339563048345	-1.7853907138768457	4.807640582621877	0.9384819512166338	2.1934776943928522	-4.661988175137429	-8.436706570910204	10.653959559096641	3.010736840520602	-0.9029141621808477	1.5021061359955106	2.851841879231833	-1.4664950412255275	1.321630446620014	-1.4190891349681354	4.800279915118965	-1.6082054137970192	1.3732917442626125	-8.390071431875032	-1.4843597102473878	-2.7277542921103626	-0.8593105333045573	2.3389429629808216
HRH4	Not-coupled	Not-coupled	-	-	Histamine receptors	classA	-60.48728003821042	-12.558302489789241	-22.444244011575346	-22.56185798692752	30.363600140291858	-26.33361620480157	1.6284222875521897	13.660228411424232	-0.2668459038514485	15.442467801579278	9.823059953901165	-10.700564370967886	-9.94956725698106	5.971972928287183	-3.7207510749775925	-1.2610721132210265	-4.939006360636709	1.6913506231559254	-1.240805346127459	3.387345294511833	-1.4209311715837554	5.762983463540579	-0.8843480075084958	-4.459684953019559	-1.2365630487886567	-4.62859544514045	6.537379763580221	-0.7741715658921022	-2.421732420071694	-4.84424881216322	-3.3884675498810264	-0.1440269337706141	-4.479919760357257	-1.5167265877804057	-5.603088533625613	-1.7140969523365825	-0.45728928102023875	-4.209682520831731	1.2612231396261149	5.640700365600251	-1.8728674730992092	1.101446453032458	0.6421700973485516	0.9028836458931793	-0.1729747847724772	-1.8167934492520343	-4.561708792473041	4.279156361111209	-0.14797660315919686	-6.717863518597767	1.5209589458148416	0.1088060809191317
NMBR	Not-coupled	Coupled	-	-	Bombesin receptors	classA	-33.743967897209586	36.63717984015821	-42.99907300876305	-20.30187477576562	-29.232173804313675	12.464834718673098	-11.47628189525744	-22.744206823739507	0.09917700258529578	-6.427030620961304	-3.252548777054115	0.5290550297323582	-9.239287369502517	-0.8423145664939835	-9.563415459145457	-4.224364593062696	11.782392847925456	-4.053110043348241	-0.12065494761305884	7.988999953991855	7.721724694636314	-2.7032600880405964	-6.053377572768793	-6.646151746930571	-7.311868864807038	2.53333204756444	4.02476092154265	4.651143284641562	1.307746829840822	-0.29028824801937175	-2.3842834466667138	4.665926278301667	-1.1329844638481954	0.4232567379673625	-4.918959243024784	2.761101923272077	-0.1290289107634776	-3.191022763341111	-1.4504544356219675	0.6553302459227691	-6.254232663771369	-1.9821864637572666	2.43200492677458	1.4898423894954855	0.4160344983896671	-3.4739650017465893	3.2864617891391434	-1.5624671420662417	-1.620277155686125	-0.2672659105230766	-0.18157211463342673	0.04850876135651974
HTR1B	Not-coupled	Not-coupled	Coupled	-	5-Hydroxytryptamine receptors	classA	-29.853609203882623	5.5309546836409424	7.233531774835374	-7.368383031117217	-12.499388363289318	-13.343494419241717	-4.014028472473502	29.84327255400849	12.286720832490282	19.095852628768974	-0.12569486647044134	12.820533641957846	-4.705663782834049	-2.800009434790315	16.81864007664451	-2.7181734282077805	9.617977561446134	3.189648465635992	13.741512707695698	19.538148247579375	11.350049651503472	12.252348585029724	1.8844823656161311	15.142516166481	-0.3295426414495094	-2.6972523561424513	-3.640402415005756	6.787913328687205	-7.151672020028113	-4.353057500800908	6.513444824039941	7.479803319823155	5.86819273715238	0.9604235538695686	5.926587258744325	-0.9239681419065096	-0.13158536822483966	2.954891804150001	5.972636125496471	-3.8546647632474844	6.510736108892844	-2.999979880990109	-2.3712715371561917	-4.123454222930726	3.5558370707245928	2.117408890914213	-1.322174547745812	-2.912468855988593	5.139554267017531	-1.2803776962274582	3.1266189201830223	4.534031738097467
OXTR	Not-coupled	Coupled	Coupled	-	Vasopressin and oxytocin receptors	classA	-36.123041576364606	-35.664054178351584	8.391236981083258	46.75709299251596	-22.552660334413012	-23.139398789483977	1.442027148517676	-1.6132162908511039	2.3896863824175165	-8.225745018432212	-3.8256102932220206	-0.4445621358653394	-6.952258865068947	1.6251282322841427	-3.51460772288882	-0.22390735025956188	0.5100100915052033	-0.3859307935332704	3.554953970804146	0.02452499706819547	-13.461193072207227	-0.743280042904309	-3.6190523855332546	-0.2838728825091992	-2.911021913909142	7.095090067543123	4.023084762729	-5.910342671712938	-4.270861681989325	-7.233909733656235	1.1910554714427621	-4.060620195871102	-0.4123217757102916	0.8488664129865255	-4.66869211124841	-1.736288871402215	9.766278865640386	2.6068103119746433	0.16813758655818972	-1.8770386745840115	2.025654055121484	-1.760268637385884	0.45529755701095	-0.739989218448549	5.71313881407739	5.31511674967317	3.2171832210425375	3.991809946337264	-0.4228144631039316	2.5022996253186762	-0.9046684503818478	5.599239119518565
UTS2R	Not-coupled	Coupled	-	-	Urotensin receptor	classA	-50.939607827037875	-36.061329590624084	-2.8230558379430772	7.739058675875309	-31.91049912988523	-21.601777607725044	-3.9661891258646578	3.683595514469984	-3.212526530212422	4.4179495826036215	-7.09962631564878	0.5616780008828081	-1.7013961741675394	0.14724644910419854	-1.2955378348782847	-1.022351173958055	-2.1205142602374623	5.6304957318726006	5.782882247960218	-0.021282154135021412	-18.05216440492155	1.2921934033819749	-4.169684410586442	3.187679659296163	0.8972016637547422	2.321620514568229	-4.190297078829077	-3.143151170438081	-4.527421374146675	0.4026880137232552	4.2812521465447935	-6.5600471985108	-5.833197098356922	-5.673052839747701	-0.3863966514786889	2.5319958808439376	7.762709888644532	1.3413325411680377	0.06174734762254431	-2.1949713522054553	4.099402228810102	-1.5538271003208068	0.7648870751318527	-3.2353665811626784	-1.099109463479649	0.8114879860395511	-3.914211399830474	0.3913506140448794	4.231386315544532	-1.0272154672774754	0.46338693755776217	-2.2546038350587745
SSTR4	Not-coupled	Not-coupled	-	-	Somatostatin receptors	classA	-30.816360809178022	36.45889039172823	-46.40204393801143	-21.295598286029367	-23.274373241883456	14.43490027201694	-13.206831806480753	-17.557344698093928	-2.1747904416995394	-1.0794784262469683	-9.07177694666654	0.7649589472016152	-14.331503813965027	0.6632242991291207	-5.727746241556189	4.348388545713915	-6.054143608229799	3.5874180332063554	2.241264920248915	0.6137790719663874	5.383626814075989	0.5538473780209568	0.7474829975042453	3.4435930276423954	-5.793493309343493	-2.818336905052334	1.7579684862966392	4.341027132358308	1.8625126716176121	-1.9670718306654422	6.941684797265774	-4.785737967089769	-4.309140222201089	-2.0331553730663305	-4.430664082437526	-0.17937935588368717	1.611716985466463	4.363518801210393	3.2119805005416517	0.22438794501088197	1.8294947781044866	3.4284493527476005	2.8432586855302087	0.8154363563120584	-0.9365129965362021	-2.5460339204525493	-1.9990199661475956	-2.1501214872217242	4.880154493269818	-2.3128553048915443	-2.496698264260756	2.7304305827293347
HTR4	Coupled	Coupled	-	-	5-Hydroxytryptamine receptors	classA	2.883423429376445	-34.797662811947305	12.098779985665457	15.859077177917033	38.1226407501321	14.692602030350535	-18.140496362821295	-5.918142751811887	-1.7947534836007066	6.782930997487456	3.7139786918987774	-4.060366420261143	-0.28919744891238086	-6.736335816725546	5.3540957891557355	9.242987390918794	1.8756298444001702	-8.637163597111646	17.744534929977576	-13.675147229467443	-0.3171295966069546	-3.774241024937801	-11.488627397010845	6.794437563030336	-4.448352631728169	-16.073578463439443	14.72657958410291	-3.921597326980467	-6.605506688186276	-0.4638744547501291	-2.6772327485995966	-5.992290091742041	-8.721605381473974	6.554397503235723	-3.6201909364735627	3.9325417465345263	1.346810140205996	8.094046260532497	-1.875450673082656	-3.109277154063899	-1.4957256890735595	1.218078907008642	-2.3368269406469775	-0.7663672218908698	4.451120583612437	-0.4666422278035234	-2.2163084174441887	2.5854953900354323	4.420814016895069	6.039615473876102	-0.5013336626103311	-2.6072350811010474
HCAR3	Not-coupled	-	Coupled	-	Hydroxycarboxylic acid receptors	classA	-52.04038111759286	-36.858045210399425	0.6779034533414515	16.987415835228347	-25.028904606118818	-31.427190013865882	-1.196494839769742	9.376063836928934	2.3321576293713986	15.197728274580003	2.3107044300008064	-4.1455392939385804	-0.6661708752316764	6.31193665613779	7.576602441857188	4.031359470137904	-10.774405150779444	3.3331685562740216	-0.5285462676072331	-3.532069672694714	-3.6021202865695066	8.840322886958095	-7.275287781664995	9.001303548971404	1.5495440698452458	-0.3836294112496987	-2.7510796547041623	-2.0616346620821595	-1.787689632878129	5.72724541260561	4.189911758543469	-3.071974840235918	-5.329190902571422	4.869298803076103	-2.489586247450837	2.201682234268467	-0.664347049398224	-1.3210601772883641	-2.408005408098334	1.9068126167204014	1.7617559846177975	-0.9760767500477427	-5.751112470121908	0.143842609401549	3.327453867777924	2.5553766279902113	1.1354098700891595	-2.219622240006256	-0.9542395424141777	0.6131428703309837	3.238190289198694	0.16159147068987448
GALR2	Not-coupled	Not-coupled	-	-	Galanin receptors	classA	26.511950174948687	20.95741636185809	14.749363185022425	56.74471676432992	4.7257707033999505	2.4966743815785595	-1.359183671134107	5.614445544480668	14.437664916254738	36.70948483831283	16.570200465191295	3.7746844767061583	-9.298556683260223	-18.018912180833915	10.833572164826673	10.120721860120842	-3.9071651870871467	8.942150866753426	18.182110950346793	-7.934390884657667	10.666318712460422	-3.900690586051586	5.082899297431632	-3.193384110824421	-6.640345258208814	-3.171509916837276	-1.5748388107877391	-4.910789864018611	3.894588344460886	2.7060222338382496	1.7700531092336844	-4.713132572135732	-1.1805912990265257	-6.037706639374609	-5.1061800083800435	-0.8059043159360452	0.5887073856928547	0.9966806504434998	-10.74968687039449	3.4261660599968695	1.7919497919505298	-3.1241031873621345	0.9064664350522614	2.5485899557586476	-0.2928454534347525	3.6142168932277947	-4.373242076949852	3.5058897135931564	-1.0580660461666591	-0.997971381099272	0.8983919393829869	-5.171934524999687
PTGIR	Coupled	Coupled	-	-	Prostanoid receptors	classA	3.544596219752707	-63.79265068834632	47.786443206311496	51.24531955274384	-27.44053810839239	5.862331521142476	-8.178867014944508	-20.165971731141497	1.7842779574605312	-4.05720133300968	12.683730603834105	7.662923457013146	1.8776459234728065	-13.840608322527803	-3.202830603297453	-18.059754624233758	0.7558398698167371	-4.426655509671302	-5.566578658843522	7.827431642095503	-0.4296328971962219	2.28695832682804	-8.399738956999917	-8.669577886110533	-1.9466336766272265	-5.164767122895122	-1.4755526849714937	4.541926139395594	9.017928201734914	-3.1809738020913736	-2.545992110863639	-6.823391738315403	12.689115472072086	-1.3985108030928428	-0.25396989254480845	1.8721207753959048	-1.4182001520684897	-1.4863524714968834	-1.317580227074099	8.380039363467532	3.956617524192016	-7.9318322437373645	5.442434954805195	1.3855098622568434	-0.7412461165264471	-0.48526732484500945	-3.1858377366334607	3.766356025025096	2.873339387001316	2.4418756838567215	1.100320594491371	-0.2704604588498016
F2RL3	-	Coupled	-	-	NA	classA	20.481105542688148	20.49782734717941	-25.06241622931617	53.57261773633245	-9.47995771547913	9.742352235298995	20.91520437680664	-0.031116061945621238	6.883733573775708	17.752026339718274	-7.264105221563251	9.453011894477013	9.077522120679678	4.008200255393496	1.4042861706832963	-8.219344395109177	8.179266526959776	-12.95925294475535	5.19167744041995	-3.902284002232892	-14.958069615902769	5.710817981393822	6.088576365802529	7.933767013874433	1.61122397503245	1.0831906945320913	4.503290072622502	1.378875352873638	4.950592035214853	-8.579875979867229	-1.875476327133244	3.6163226048761348	3.748034210235488	3.888330534321066	4.116730509820815	-0.27680279777881417	8.625416530021612	-3.852010159645476	-0.3396707613459727	0.6433204047091846	4.0118039920387645	11.89932987001912	1.4669574617514975	6.140020837336236	-0.67521545741369	-3.0524875245029772	0.648563856293297	-6.311707166053669	-0.7274448458630293	-1.4139096721535536	0.42268919679543115	2.9325104429382254
S1PR4	Not-coupled	-	-	-	Lysophospholipid (S1P) receptors	classA	-61.95620753222047	-0.6752885413892878	-38.62268743265785	-29.020823988484246	27.430062433479588	-13.592351184337874	10.130165656565595	16.439002662351776	2.5401038639067446	5.208942416911701	3.4044129104333365	-9.5903368032432	-2.7805434197054053	4.705621479564078	5.062812706638658	-7.408642573402946	-0.08630473689681112	2.859466644007907	-4.875383508348633	7.720459038275339	4.508516038339128	3.593032949952864	-1.6633052190787116	-4.260894616591568	3.1948320686341427	-7.666378753825125	0.3158029558864024	-5.573382511258752	3.190019520174354	-6.897427832781606	-5.0642060286940325	-8.629660586157534	-9.631908606666212	-0.28891141056888464	3.7337064939097413	2.7089660175534784	2.162485270875977	-3.0427121021632852	4.354543633650711	6.60244504657982	0.4212648010468587	1.7956209870662505	2.675646201199772	3.969372472848374	-5.268955677625187	-2.317629964035716	-3.0163889136009248	1.97786173812105	-0.6316889627821365	0.5156211644139422	-7.356387049443222	0.8518673324261591
NPY1R	Not-coupled	-	Coupled	-	Neuropeptide Y receptors	classA	-62.46742227898325	-12.545842167860705	-25.973299062252163	-28.390887852971442	37.26461913117083	-25.06788836151658	1.3561197966320095	15.461623880043998	0.1091290420091474	11.793688635159713	9.726932062971757	-9.030614915763733	-11.94014289761018	6.765956402926964	-7.286886549057393	0.8049830015299393	-6.07739034143514	-1.0038482451060873	-2.1301150187876527	3.0181577238312216	3.645625627666023	6.631292190909058	0.27967827245051585	-3.506869688753535	0.6180111397651324	-5.776152713850615	4.403875286974944	2.312517104513532	-2.011865438901093	-5.674004342248016	-4.899935487586367	-3.7868165243907312	-5.697088209634135	4.185527281416295	-1.7745974271041847	-0.40429883588608084	0.00012839184829521407	-4.976209093034826	1.3552721302447257	10.269373496229965	-0.2992538621602333	0.3873871602332168	0.755390669629015	0.9794523628760864	2.6508517467996593	-1.3409901388400207	-5.897951724101285	3.384078735662609	0.8923942509043981	-7.2270784292682535	-1.8096693284020486	-0.06697054773263796
GRPR	Not-coupled	Coupled	-	-	Bombesin receptors	classA	16.460969095116496	10.383129940799467	-27.972189967829586	73.0659440716791	-23.24149533941331	-24.71299368123302	11.820563520910698	-3.001116739113799	21.671388058263055	-0.7778020664406141	13.669066185664054	10.447165436063974	1.6772235377858193	13.021404256410884	-6.130271928760391	5.144274262376549	13.427692443439566	-3.6781101284222353	-3.8964857965352664	3.586468727762436	-8.841625416733132	-4.61572755012108	9.239605306219993	-11.45954858880554	10.027870354249854	-5.9007565817587775	-1.8738992753071968	-3.728746330957865	-6.374192719040459	2.9717106987993316	0.9114545380374013	-2.953218696161939	-7.2146811922572915	0.9298927014236971	-1.7064216862275932	5.099942514654334	-3.339142388526954	12.227905788256884	0.950708211283394	9.532421096402494	1.2657482813352292	9.587302542284384	3.48068072205861	-3.1675317527586677	-0.9785856507815625	-4.445432129652818	-0.8630324775737882	2.3653275089219354	7.037249030366428	-9.452571521403216	-3.952743392085988	1.7802167173291334
GPR88	-	-	-	-	NA	classA	-43.23014429145819	-55.25276920897414	16.55978956700462	-0.9998984062321236	-0.46951528344349697	-18.216122918821306	16.47579007966894	-10.620500307616702	-0.652336698096077	-6.3231904805466534	-24.45229483536581	2.568587212731254	7.379115065884158	5.064583687938732	5.080734864920108	-0.7641410032691585	1.94804999117758	-3.664029321889465	4.457634815355254	-4.512993834817345	9.666788958257243	7.004067500253814	2.7693320750937978	-5.282517804916695	-7.867068465132767	-3.373671471169373	4.446596970745183	-5.62646394998232	3.4433828920022633	1.366573537921376	2.601265190842225	-2.1467203021226817	5.636735564910326	-1.3210645904274485	6.05967133493439	-2.965731194203972	-2.5624078300705673	3.117124977322367	-0.914821152165165	-1.5560212985353847	-2.1447049197695303	-1.774006299053531	-0.0054435144306982375	-0.10238305146956142	0.2683643279491422	-0.41611300819962144	0.4276540991216078	0.38265493196650263	-2.6376360504721315	-0.28065234435732206	-4.251673040138775	-2.647312510578712
ACKR2	-	-	-	-	NA	classA	-44.31940382981201	-3.037257660752586	-30.147713878307233	-12.131373335917235	35.61506729303483	-5.305530719351843	3.2861162951125205	17.761050938173405	1.2082066978555872	-5.442548114307746	9.036459271706175	-4.661131231314326	-11.88051643527987	-0.28408557003665913	-3.3873031784543137	-9.868164912714132	-1.83033060230934	0.30085293670444174	-4.178419550453801	8.04377533661068	0.13841368114734134	6.287234503905216	-3.5435359360784022	-4.865708596959929	2.834559143251545	-6.367282767949293	-0.5171655589603166	-3.0530254745797345	0.497398884648323	-2.098639550550729	-4.519389562827866	-1.1791841906203122	-1.6886686945908842	-0.8698446173093024	3.9245546104510756	-0.010056496904139092	-0.4024278184409996	-1.3799498992233858	8.88224512143996	-1.0841977035675285	-0.7072570678408517	-4.223330612210558	2.092943808023	8.569340272492441	-2.893625852201658	1.934803945048566	5.175846027392778	2.823281222450617	-2.63351576314637	-0.6786104906995319	-1.3251209216344235	0.4541322123216188
PROKR2	Coupled	-	-	-	Prokineticin receptors	classA	13.69521640587935	39.445904417605746	-52.22987781595188	8.378065651420767	19.001291837731188	21.645040430934635	16.52333566783361	-4.347542373922067	7.161015085245963	23.70060757250672	-8.00293464031148	0.05737738882078535	20.813752973553413	8.907448989311414	8.414417170080107	-6.320563479774415	11.462098506390591	-7.327810973809571	3.98518205617829	-5.414392265205578	-8.517244836292983	3.431512853292801	7.413274149557706	10.458816917034422	-0.8039349986816767	-4.151629434726236	5.465462845736874	0.06322009500531489	3.2504582364421197	-7.14244692804355	-2.724618729614393	0.3587701411957905	0.3889950898189433	3.8869190171997987	-2.632638299177102	5.1171490257748715	6.608554118823162	-3.313438403725574	-3.11753483088239	2.1955506999962084	7.68600077047226	8.518507454600696	3.462871995437023	3.259697614327721	-3.623603794195296	1.18895699091644	0.8138269908707548	-5.370138629437134	-1.3439717771511215	0.5133778026531692	-1.4267749571665334	1.7918623010151333
S1PR1	Not-coupled	Not-coupled	Coupled	-	Lysophospholipid (S1P) receptors	classA	-67.82330002298421	-7.869200840566812	-34.49867294833533	-26.698261724219734	14.586797405469582	-17.66246531520195	6.535069256755531	15.962904259893305	2.798539427819069	-2.2509157772969295	5.713509547477128	-8.803186017479355	-6.096523747659234	0.5401184412554865	0.7524088298802707	-6.659617105491336	-4.500258775595558	3.063784595342681	-4.075785812833995	7.080746084912461	-1.2532337121208361	5.674850131601071	-10.732944731826475	-5.467216345987553	4.506128753690408	-1.7841825658650006	3.0107791588805624	-8.396182970313635	2.4470486052759344	0.174302511878304	-0.7049742225084235	-2.1411384616911833	-6.766741239541295	-7.142845945881932	1.4046929787900342	2.2666613953833665	-1.8083658927078505	-3.0502620289259723	-0.8518579897096297	4.919014549530873	-5.6410164763244515	-0.4323306354518286	-1.643779134297114	5.205030654245798	-3.894099066240873	-3.4794650476310824	-2.1144646067563304	3.28174234909739	0.5088811843174694	-0.04454330016485968	-1.9543942564477375	-2.714370846370132
NPY2R	Not-coupled	-	-	-	Neuropeptide Y receptors	classA	20.159828389844087	-58.18035646747704	13.363012432395799	4.3943670194853155	41.31791143323737	20.892320215142593	-18.301039824921055	-43.24293328369876	-4.757842670760752	-7.223375828893353	11.849544552238727	-7.24668770239795	7.4105538653957215	-1.864158490493673	8.26498565407394	-15.245170400099191	6.53207495566228	2.620007366350922	-15.550127851275102	16.909711860396843	-0.07527373003906934	7.8671121627714715	13.39969688911016	0.6818711119942887	-8.964629490146137	5.477162578659722	2.11291595367912	-6.202964284445368	-4.901826502544761	6.2051607061793375	2.653363515628313	-2.944835841993611	1.7589778126161757	1.669435352381605	2.9872428169002716	-6.809548040341892	2.8123587626334827	2.3944180709995027	-2.8766655570252024	3.4950676468103588	3.688600318684337	-4.521017126126961	5.277701466479337	2.8667374743329326	2.9802728569911743	1.7069294344196746	1.7540511466612192	2.041537819572557	2.5358855918521406	-0.585731362888637	0.45679350454167345	-0.28226044991256344
GPR34	Not-coupled	Not-coupled	-	-	Class A Orphans	classA	-7.746803238905443	-53.684536393613335	29.852408902360306	22.04208967743261	18.678869493431637	9.07160386801658	-7.2012484623941715	-22.367071825481467	-5.459418137510704	0.444031099716938	-1.5427932402930202	0.5278428501756343	-0.421125158777695	-0.722594372511762	3.4984162991832632	-5.260332887431181	3.7274742016226257	-5.726863017129574	2.0550197112255626	-2.4259040394869036	-1.3222203130254488	-1.4977370655121631	-10.68609985472008	-1.4528561756177722	-3.610987640474653	-5.183154447910494	1.142580108149999	-0.33782338490150726	6.3030321387252	-3.577174239817861	3.278931319905931	2.2091583775845955	3.7696826922105995	-1.8660232689527185	0.05817284738957974	-2.252359382849294	-4.691856890249804	6.636740140072998	4.62550729784315	1.7491510150458567	-5.135871059530823	-4.334603821753392	-1.0794832575711089	4.63408066588377	0.6883222424008681	0.35652639102014844	3.3565865892801194	-3.8027967363218296	-1.4253360441048035	-0.522823422155046	0.3165499638275595	4.5630198452476955
GPR132	Not-coupled	Coupled	-	-	Class A Orphans	classA	-55.081257350206336	-49.34524604988539	-0.241551219601933	-9.56094134793901	0.7430505227322404	-10.116442217385668	8.370459678566608	1.4529648183622077	-7.330559634608613	0.1383073985472303	-12.07112965219348	1.1299995890887622	-2.5128742574147482	5.348481113857383	9.746532740735415	1.1264460446426918	3.2407198457679542	-2.989767845189631	-0.06028850270015055	-6.376793646953728	-7.654884001345495	-1.578428251869154	-1.511712808608768	1.575704036662519	-3.1547915001934936	1.0907137990736149	2.9934160531378033	-3.3050989672583344	-1.8613211345351532	1.882991096006706	0.2688222324575093	5.985148828676241	0.6524658792610906	-4.788134592888278	4.28729279790635	-5.824364455308103	-1.0940144459946275	-1.858992854911086	1.2817408592363253	1.2845623250880833	-0.031946207578117045	4.867750821151528	-1.4784036002866139	5.774463080357153	1.1524031799576469	-0.38258302538537586	-1.342759270009966	-3.5338298027871287	-3.2802394931594097	-3.8539844655925197	0.22209825548124218	2.632453722177273
APLNR	Not-coupled	Not-coupled	Coupled	-	Apelin receptor	classA	-57.78000681159073	-36.585002347566544	-13.26092891763223	-19.26536709462262	-11.441262592873953	-15.691397385175524	-3.6711123266571666	-4.104185467194656	-8.314210780367574	0.5813899718247663	-8.908186344264452	-11.064781989067816	4.422992033290721	1.4864755099491131	-7.636036435366328	-10.252491233302766	-1.7890667157438433	8.569372909508965	1.3695872197442558	-1.0547532836012512	-9.618026271106087	-2.9941127454703125	-5.612959667807332	-3.3736460357074454	-1.446787432949171	10.668736560811423	-9.549405313966286	-1.2653475994728371	-5.92452780136885	-1.4882189863505626	4.71847868292957	-2.177562825657832	-3.7983750408747183	-8.15255478095081	-5.6339779949163455	2.4664680671785577	7.937406468556831	0.686402109913671	0.989871668872743	-1.317336768577549	1.472207105790109	2.2903463460848483	2.209992794074847	0.05067540079493434	1.9301733490842263	4.071204319964718	0.874622981149295	1.4958969627979928	3.2927887269143343	4.237324715185339	-2.545130872717301	-1.8950413811256233
OPRK1	Not-coupled	Not-coupled	Coupled	-	Opioid receptors	classA	-54.81255894978206	-57.71252310922268	3.2187144554217144	-30.519610816599453	10.559052343156242	-14.058096435474667	14.975023633239555	-1.7999110065068786	-1.605037337441196	3.7326671742650563	-22.061136587040927	6.541846565440834	15.629100155379435	4.135915159087258	-1.742715380457386	5.746834403640212	2.6266554849328765	-0.3063257604281377	12.70262947835416	-5.218344187452296	5.265942758344886	-1.9709450602181535	5.564334643449548	-2.649779145934038	1.195244478940044	-4.475245483806548	-0.9628390700468781	-0.6115919644973778	6.027100388885207	0.44670556569539904	-0.5791183082309023	-2.4382132313718836	1.4896139378542599	1.176346075521419	-1.2145252492480834	-2.3974826671261793	1.0519856547502922	0.24728287526509105	-2.555980044174875	-3.473781006134702	-0.5942976044421999	-0.5004681091581034	0.5793635816084602	-2.5140156836874703	-1.2172982666967964	-3.306063823602937	-4.0725447362838185	-0.20525703108955862	0.5013964995354184	-1.428888473408184	7.67484062534101	-0.4237602771243728
CCR7	Not-coupled	-	-	-	Chemokine receptors	classA	74.30674627922089	-8.090817066202657	-1.4732558369942022	50.56364944324522	11.122228938455498	33.5239354471424	-14.40758401427974	39.45159306199999	-32.779431144982254	-13.016282745328372	4.6673846093651115	-31.498196950801074	25.55714616148255	10.126234981676884	-18.62847878116352	-1.013539985713115	2.7426354337584287	0.291777121042581	8.90801216932856	0.26993562650952285	11.812057906676747	6.662212985867699	-9.810463256516417	11.5228659343378	-0.2559661778389687	5.980541709775917	-1.4470054355696744	-6.757365473898939	2.2346148864152418	12.298799655603103	1.563721398429827	-3.7922196621648747	3.5484116440306632	3.311175274707447	-3.3883337057688196	-4.684059312972423	-0.22128487005793904	7.221783003079117	0.2538119861974103	-7.073474009870249	-0.8709232687283476	6.278986684787984	2.130168251404926	0.3350326705358313	-2.5656900593558323	-3.6229018886815934	-4.062052576544146	3.0274643634617426	-0.5517711484923798	1.4314064295494187	1.7454913732357191	-1.945553390514331
MAS1L	-	-	-	-	NA	classA	19.612307537673818	33.6317180932793	-41.628546355602246	20.60058879944877	11.08105815523444	18.479604561101127	14.788539791052504	-2.1288486216230926	5.395414413395672	25.899607988504886	-7.969511293872946	4.039810677592004	20.702179475564176	7.337778384236077	10.489712571953064	-5.2937968151024	8.150024397803968	-5.625231141504363	7.875061866671086	-5.278868593572003	-9.307997429449284	4.457325122722106	5.084950421402484	9.571838323618698	0.9116075886773343	-4.785238120248236	5.880620499708671	0.16092331152847206	-0.5556049837516416	-5.404458229161648	-1.5281995459978774	-0.32566346632251947	-0.7055016389134992	4.171924923753843	-1.6820245359214363	8.155836536785007	4.256778043907427	-0.35176175495650747	-1.844086347942988	2.0627353299370483	3.291827333293983	9.130480931949903	-0.17588687914273313	4.211629373123085	-0.24836383093427516	-0.5236459334889507	-1.1466259868464486	-7.632634522107552	-0.0471108979180471	0.7686344102317962	0.9094938421869943	2.2775698997218496
S1PR3	Not-coupled	Coupled	-	-	Lysophospholipid (S1P) receptors	classA	-31.17596047482417	34.42856182204738	-46.182755200749874	-23.660615305451074	-28.668426219113947	17.6117532789325	-14.322120446517236	-22.459290232353705	0.5978311494039183	-10.529603780984658	-7.276091096029052	2.919388450114346	-14.157416370165107	-0.47033937217079846	-11.020060988644476	0.7699409420866073	6.976814179717453	-2.070959216724937	2.315495411646849	6.561655968654447	6.700686881981544	-3.9000820638323686	-2.151521563194569	-2.9931795306929123	-5.926326264633359	3.7537724104236103	-0.138061841863322	5.3787577069963115	1.3754845970626357	2.7815991010412406	-0.1965188964528391	6.69723312882265	-2.862325729873155	3.3913300047392583	-4.113584508870518	4.63999395816062	-0.29280941328243454	-4.031854470917094	1.0908431743394857	2.4577047097435196	-3.2081893002445985	-2.7858083124302317	4.3888150021812855	1.2184244370611963	-0.6459825435365071	-4.471771427311712	1.564819512846376	-2.716749012569857	-1.5920081075692472	-2.4569168922412143	1.740829468865205	2.8807194848916478
HTR1D	Not-coupled	Not-coupled	Not-coupled	-	5-Hydroxytryptamine receptors	classA	-16.994856962583892	-70.04943546827322	35.38482743198549	15.712315922529637	2.3675018040182314	-3.4040962611152312	-18.084642311031637	-14.502995696664385	-4.32111458601006	6.998503162211869	5.293322246865162	11.433840588459189	-0.6359085813312702	-1.6726836209788793	5.540033228335783	1.239828311958569	-0.6432635952945573	-1.4925699755562607	-3.916027382262729	3.1110989367803388	-13.170740659102355	2.475549630069262	4.181588546458641	9.150717397697205	2.1343009807175966	-1.9387159684404074	7.604650951205338	3.980471359301564	-9.235227420653326	0.15575102324302442	1.1194105238870349	-5.29347876771498	5.5861661232984074	8.368101048348995	-1.0200476848338937	-1.3095059022397166	-0.971530412366571	-2.2899708029772183	1.2476970971060144	-6.967902084103329	2.237730045292931	-5.010251669143901	-7.264268652356206	4.4646395896690345	-9.477512691149714	-1.7348174493196205	-0.21643197699929156	-4.300962772393882	-3.2597868210262324	-1.7393604141288626	-2.9382818140125835	0.47589761553808646
P2RY2	Not-coupled	Coupled	Coupled	-	P2Y receptors	classA	-3.976015574755147	13.08423778858973	-22.245945089512723	55.003332718667586	-16.457747297551133	-5.162244597170273	9.423872136538336	8.74513114573996	22.853372089647348	-16.39845851500649	9.666855550721067	22.490380945611196	-18.989825441176365	7.715433609630486	-3.8351006196646846	1.6450092597983503	8.751673259114185	-16.093653755043405	-6.4504314930145465	9.333806781672102	-4.6003867072233	10.293429802825765	5.13492748848288	-2.370546433709581	11.62627508939671	0.1437344557437655	-2.7425595668148244	-2.2370110922268944	3.277790341491273	4.612632337980091	0.0031272775169448887	7.689828326475435	1.9666008237936938	0.7287708129786081	2.2791009455770235	0.5608941999664836	-0.8175648910084333	3.9200369392725314	-12.268176275965095	-6.529256384058427	8.759126986768907	6.436070746425003	-0.7726194407949036	-3.6929028592695508	-1.03160965473236	2.115549583312871	9.901489000658431	1.0717378069262664	6.326459746805896	0.07743840515002196	-0.8772130763213488	-9.67477263712863
GPR27	Not-coupled	-	-	-	Class A Orphans	classA	-52.45106378759198	-7.205856871725607	-21.054687085021207	-6.894852414873643	10.196880297909866	-17.119312849900727	19.70008319632281	10.62872163830863	7.076297501724579	7.926284124077429	-2.98167135992047	-9.48921007944053	-9.187758442251479	2.0660958026146834	1.0211142224982461	-8.0245125296454	-7.628053495732148	-0.28143615741276734	-4.916122138306403	0.5288499541476416	9.123421360867953	2.5649398789522846	-7.001843599330773	-3.805750756921541	-0.25134846397019467	-5.892659410160611	1.981401769022347	-3.412057862462592	-2.566138791221419	0.7585719488861178	-2.8443112328765374	-0.8261598741173058	-6.827387202295723	-3.3408607014653433	2.5510472307694534	3.557330524634016	3.439231201285945	-0.6821769841767804	3.4512026318540228	4.855615028955653	-5.3588064666384705	5.709267317322643	3.1073916537392128	6.366600532544031	-0.5404203429445718	-2.9069848268463354	-1.6719224178194507	-1.4965404601360912	1.027864633524291	-0.9865197543634532	-2.4797242000184405	2.1949339302925064
NPY4R	Not-coupled	-	-	-	Neuropeptide Y receptors	classA	-15.242722992617532	-45.43620152030811	2.0539481894203835	24.19074965526319	10.307542201804806	-8.585369813328228	6.699336231266717	-8.535914241459208	-3.0776569728568557	-12.646960254303515	-9.21779883758866	-7.352385202422708	9.863441307879475	10.218626263631238	-14.4490654853311	-5.229509457033161	0.6060877315582198	0.6866778905182919	0.8588166441808504	0.008439063452715476	-5.472776207828107	1.8766328585769458	4.380069797112198	-2.861618331105259	-8.942635346260607	9.628605609092705	-4.026936818847646	-4.671543320214822	0.7046371312985369	-3.1238207148885846	3.8635649089004933	6.806385816229282	2.1952506538469105	-1.394562498003172	-2.3545055727175286	0.5803546775090095	-1.69379965062805	4.077670095664277	3.4420312540975035	-1.0871917651984475	-4.73838849559451	1.7176474747736497	-1.9727060773520895	3.514094505138764	0.7408829581578154	6.801536494206631	3.3153979729081073	0.6223927196135732	-5.0625069728001755	2.0094835041653445	-3.65242733182037	5.74232835025032
GPER1	Coupled	-	-	-	G protein-coupled estrogen receptor	classA	-13.205370454039064	-47.15713311243464	22.781480232389736	38.82825297344785	1.446388318857161	-15.68762584414311	4.754565643999974	-2.0956216551061	9.212837515237025	-3.72286638658243	-1.5575604485077115	17.86320310520102	-3.6778531118611997	-1.6000379530061222	-4.6616160803601	1.1127862482790642	-1.3072515808266123	-6.236751770583894	0.4546775990466013	3.2232544759411312	-0.16082806761846918	-2.278444170388197	4.912149504694583	5.561912711659257	1.7503063785714337	-5.6003957936950375	14.544515905019356	3.5676749314473737	-9.420205342823923	-2.572832279186412	-1.8482882895878312	-3.829297665193553	2.237735971326703	5.1077839180961035	-3.985991236344801	4.864709500427218	-5.789845744835157	-1.1119264385635388	4.509281361464372	-0.637781520420652	-4.330578749954728	-0.029852971502619962	-5.487967824874077	4.2769860266133986	-8.920652171913984	0.36552948284386116	-2.874964896429451	0.32424239599158033	0.8379798792635104	-2.5430678711737893	-2.1252736523209643	-1.9584069297430293
P2RY11	Coupled	Coupled	-	-	P2Y receptors	classA	-51.087342150009455	-55.745952165097435	6.831763847434914	-29.228759930306758	15.284054877450838	-14.437629587188265	11.504643082962668	-5.9258175426478035	0.3531893403231457	-0.5575162219635125	-25.77299787760811	4.940965874137581	13.153193353318388	3.286412315428208	2.2751559343882	1.100056338903309	3.035156222544989	-0.004003465058679061	14.231165994493193	-4.236459283988797	5.615089235176759	5.776576187114898	8.64102827438302	-4.277224203637258	-2.3716340544068153	-2.0717089827087074	0.30882879985262185	-1.203828573930835	0.9566895054006368	1.2101193916200446	-0.2165592137393586	-2.360746636367827	3.5835248075671338	1.8816090590288812	-1.1530438962253713	-2.212787202454466	-1.613142365337857	2.1558631901649674	-1.4722939532181467	-2.2346218794632056	1.2943779217646303	-0.2552828011090158	0.5176315512306285	-0.972728498339492	-1.5505743646961059	-1.5553848226052904	2.251325625439615	2.2311879106022725	-1.0351690069543171	-1.661728224159752	4.092233691939642	0.0428927825148549
CCR6	Not-coupled	-	Coupled	-	Chemokine receptors	classA	-29.855127498362084	-51.41843559789617	16.919786581237904	25.653226982324416	-10.68970071644898	-13.121909704915538	12.096190146162614	12.254552442366382	0.5445779119843283	-8.715927424380562	-16.830266049779603	4.90833252454802	-5.136963447096848	-5.321776268132777	1.6562308408927395	4.724047355067814	3.50728751036493	-5.065825035413374	10.042084213294034	-9.409866618131936	-9.243510007819163	-11.003226083150512	-1.3132548734290441	2.48623854913517	0.016589708338248615	-1.7708894942373217	3.717371883231085	-3.9043004538837014	-0.7190603581370641	3.1435464736938705	2.838321491252762	-1.5773874327475401	2.180109422709385	-0.18439250577443556	5.389560279057423	-1.9928859130497798	3.4281236948248046	5.122709244028976	3.1214246885301957	10.31094593557034	-1.647465036697789	-3.9759882952569288	-0.9015536487045082	3.9761095372878676	4.2660665715004775	0.7070083149097853	0.9361893022859934	-2.856662090377363	2.988434090859476	1.413545342691691	0.76810400162753	5.272319262506326
RXFP4	Not-coupled	-	-	-	Relaxin family peptide receptors	classA	-49.590344026323976	-46.12881376445107	5.6199165722496245	-24.587485900151243	7.913398465347993	-11.32992425765749	6.894713441994196	-5.1107416213396135	-0.5110127985309778	0.5865688957210651	-23.59070689252857	5.531931737734673	16.61653271913769	4.42312817543387	5.554529633691026	2.989525890427012	4.543094876528374	2.4442674626529093	12.564177157465558	-6.953446778037412	9.087590860136958	4.4007405534051856	3.59939536295006	0.5220768672271925	0.9999950929649061	2.0055178125357074	1.2508644926578663	-5.6537194978615055	6.348421855384797	5.325434844816051	0.9895945683485222	0.058851910387121675	-0.5526134859396374	1.644347538878751	-3.0253107189288717	2.424536482076777	-4.397819077353441	1.9155943101869135	3.2588879425335744	-4.697792911307714	0.5688075592762859	2.372200203941551	-0.3876624142696537	-0.8323260958279138	1.041837164833543	1.1001423856418309	-0.15376103018668294	5.115502216232768	0.5104300508768297	1.65612503647006	-0.9497792745678729	-3.8819141882058696
CCR2	Not-coupled	-	-	-	Chemokine receptors	classA	4.345988337425523	-52.92107352191502	31.04765260829334	4.7431611225208465	23.619096428736462	23.5145343328877	-9.516492302602817	-22.926599510303213	-8.526856835775973	-9.031124726687677	3.591797663522984	2.425462945636081	9.700731995018556	-14.781673934440667	-7.886954421941661	-23.22737745592711	0.8848436043158168	1.063435308188404	-4.889048230839859	7.5350999906308065	-1.9582814702546323	-7.919744967663598	-4.943352047333953	-4.974964216226683	5.539496195328218	-1.9136677076163493	-11.987183070368753	15.573418340737653	3.7048318084582643	0.337076360154094	-9.749974472006643	-2.0052809507190563	11.99543178628533	1.8348275459970254	2.7589180358994656	9.523610392162615	-1.909401582148267	1.9138555841395206	-1.2496961702475247	2.597940482491628	6.761270997386571	-10.399809480257295	8.322805807926583	3.131634990165195	-8.162599506596406	5.747484592869188	-2.8979795545467004	2.0243607347462818	3.0562242983250636	0.01677171574871062	1.2663126795411308	-1.9908929610031951
F2RL2	-	Coupled	-	-	NA	classA	-8.148234230142743	24.321844162962584	-37.18753431379858	22.115211715878058	8.744231066695637	12.945754492901141	10.993763532029742	9.991598672995769	18.515745937793604	-14.60230237274451	1.9246574188352925	10.230679788160137	-20.32908060697512	-1.2625538382771502	2.5352044181215962	-4.955839878438022	-2.013848370846269	-10.815290696760151	-7.897838219490983	-0.693939070525567	-1.4788900206815676	3.795188979757116	-2.036412556506142	-5.449083531171096	6.023868129724762	2.8638109939375878	0.5280861847407887	1.6211902137406125	1.375864211102556	13.263303346210808	-1.0686390225940554	4.214532419475475	1.9443601547212976	0.7292524388399453	5.739738198033099	6.451407442840699	1.173897828872598	9.860420868283219	-6.643568096982253	-3.855314448135625	4.410535431313201	2.2077657838120044	-5.059186626532189	0.14800520200758696	0.3819973716312444	1.343280341023084	11.128547104062893	-0.45019669867740014	5.650023902382543	0.9894930539108968	0.8557114650714043	-7.074003542721267
GPR173	-	-	-	-	NA	classA	-21.93988864158984	-62.66334807114967	26.767476111511183	-8.983538520114566	24.351364648458304	8.323469079470573	-17.564064708507352	-14.276100346009652	-6.692321372660843	-1.3386021048110825	8.116321809414972	1.4773960246731856	2.285683419237168	-6.858688397616756	1.1470315601418817	-7.0143395459617315	2.115388010009686	-2.119284929790465	3.817595966699249	3.5197467293346163	-8.583074115395252	2.4981354775023985	-4.4850484414063585	2.9551895985644427	-2.0679160843259417	-2.383482864810585	7.798406025580752	4.287324649398356	-7.914198225696459	-5.256618145921	-1.1233906967274827	3.682516379160986	3.075789927716025	7.1268591542397965	-0.6676157599539456	-2.003676208785533	-3.362561145488154	2.8263046648997228	-3.301682990161982	-6.4922040494356885	-0.7143380357044418	-2.890869004278622	-5.761822721990493	-1.9938138091475819	-4.425645919414227	1.4872497950613095	0.2999887300594816	3.7382628746594664	-6.142860623940814	-0.8762067593469891	-0.9661627065233749	-1.9370750433768886
P2RY1	Not-coupled	Coupled	-	-	P2Y receptors	classA	-23.0314922874645	-51.47251529206997	13.14773858309371	-16.31282419287274	-2.9311673608160147	31.035639561514238	-0.30079171038813	37.136081988339775	-23.02771400533056	-19.765253192102797	-19.952279266359525	-6.90829866776337	-3.0174755627606493	-5.426732626930408	14.861262300549921	-8.81286889557349	6.1929966143296875	-2.7942719616054164	0.016471046142600646	-1.3701419689376069	-5.0421971754733965	-7.402013921277842	4.43565341123789	1.116540760322155	-2.5401766935964885	-1.496768405196928	-7.421185587073943	7.6722444399475656	-6.771123398499644	-1.005596669267483	2.6897632918074446	4.898203575857513	-0.28055414609503415	-1.214946610392396	-4.6052707193093765	-0.31792839096256165	-6.321175392308651	-1.5324496067548736	-0.45182294135117773	10.55156191587379	3.38818724805043	3.2949771126202947	-2.990342732770422	1.6904355539767595	1.10674035917945	1.2293205983701747	-0.16489892315986318	-4.906479495949298	3.1489220935572	2.17243870568807	0.1214160004251784	2.5477357129765803
CMKLR1	Not-coupled	-	-	-	Chemerin receptor	classA	26.759768374959727	100.9438144979811	31.784704547219764	26.339380507328546	54.14799933045093	1.7910131102118798	8.047016734745327	1.7770806576755236	-27.30862962382775	49.20469294445865	-28.77628793061705	24.003669078704824	-1.8241996061855508	12.908581204241308	-25.652460377981235	1.2487675663011115	-9.63380971640013	20.08278971816818	5.461013457269252	15.453670905496544	-11.792960754152114	-23.526566920280192	0.7775674960809346	-23.927350446063688	17.089866357806123	-22.42994850124281	6.3348799198102554	-6.599580233449632	-3.434595166599637	8.962647295277518	17.051280155461782	13.817115647730025	1.4454066017694582	6.456680983657451	-4.312754672469545	-4.921700898715729	-0.25035350571813286	-3.3997168556825206	2.9582158959441944	2.8522152509937735	4.390319678821863	-6.897787916021001	-2.572708420379767	2.0484290627917683	0.8374939693517315	-2.9159636815542433	2.718345876977492	6.723499821838758	-2.795957190687619	0.03644518144641239	4.7116088004057985	-5.71506948626008
TPRA1	-	-	-	-	NA	Other	-60.32881477362526	-42.70211138170937	-10.441098563903648	-11.542475390157573	-29.88971055515746	-22.90941335172491	-3.669565140586815	-1.4446160476699796	-1.4261391796275131	6.114165727127061	-4.132789793250209	-1.1389870566303868	3.4406743751060493	2.8866617590948582	-4.587833933569978	-3.800519689358852	2.118129092935389	9.403039267633618	3.7294766749454715	2.9649866766053274	-16.21308513394319	-2.2222598398607505	-4.983686786180216	-2.1212069726175367	1.141680701928907	9.45291361849689	-9.880354224734182	-0.800024609199431	-6.1841725132540395	0.8518476286732145	4.25514702997774	-4.424391291817076	-3.8800012719778167	-6.245437910913552	-3.9908527055248855	1.9137173121612956	7.1907430442795635	1.7032304855488882	1.1108892704263786	-1.9995631855749991	1.1775681492756833	2.523182013102321	1.8405385601589404	1.5765696640320044	1.673825254835302	1.7596027253231483	1.1995137176980462	0.07481614379470711	3.6629350404293866	3.0321511611061016	-0.15338278794670976	-1.1527578429918321
OPRD1	Not-coupled	Not-coupled	Coupled	-	Opioid receptors	classA	-2.6495415446725477	-70.97331999935085	41.04790248037262	32.85686758968767	-3.8146856566667	1.5604428909136012	-15.286883409205384	-29.920710077822047	3.9696833657871027	1.0126021054515586	8.135594360818246	7.294732774185141	-13.618353778923913	-7.927338987688673	3.899082916889225	1.042869784456304	-2.3483046341640064	-3.0207778651543484	0.9624635374874043	2.6397674861164107	-8.533483600306855	9.243379075772337	-7.96689067856484	-0.9478191127427177	-4.0051036027631	-2.9661307083312427	2.8318222033881435	-3.616721063718305	-0.48404626096738934	-2.616501494750134	7.390350656199703	-7.7572735025343125	6.0093277213954135	1.0347120491422317	7.741764804916214	-1.863074838793329	1.916519900113512	-1.5609603645198578	2.309613061906929	0.9160014438048916	-2.375025471475049	-1.1847926664564776	2.8921557984154194	-0.1349898461956823	-1.0358623294863067	-3.5790910729860106	4.48659110126465	0.5001838399052074	-3.044052910466951	0.11066949374196594	-3.4404597432800053	0.8799570924077147
LPAR5	Not-coupled	Not-coupled	-	-	Lysophospholipid (LPA) receptors	classA	-26.73388226187271	10.209676097174809	-41.571534050409575	0.8266528950924978	13.16278954970133	5.781499891221258	20.888572202622868	12.51820315105102	17.39679332902762	-0.689884139038239	-0.635386426225712	1.244409531883923	-12.374502876775134	-2.0621181161645836	7.424662653566192	-6.660867905685048	-0.6527142742393124	-2.556974285497028	-7.078128280676709	0.8796540070480274	4.467273355443553	0.3620208868841349	-0.3891294095310138	-3.016479649340421	2.512635243569893	-2.30297220214865	-0.25413841961566525	-0.893630787118121	-0.15177864815416736	5.526260438780967	0.799949950432243	-0.4984924996912184	-2.817220902642419	-0.19873490988926656	-0.2183893167636028	0.9170847302897411	8.264338623393481	4.992357026817329	4.702610770776477	2.450357854489633	1.3242333782295093	-1.9650383179609885	2.3464447753819044	0.0013257946692364704	-3.3203133728727656	0.7151828715244513	3.5496701142576024	-3.8618864614616517	-1.4978600856715834	-0.9098294999341745	2.1087343805978627	2.424797878405167
GPR45	-	-	-	-	NA	classA	-49.33272840040251	-54.57629204850483	13.290384794150249	-8.624926091894555	-7.260790168611657	-16.568902342777275	17.562622886858176	-5.236811189279622	3.9060214087464353	-6.411769354246802	-22.375751014486642	6.8403439574674225	9.026253062068735	1.8647059184079926	-5.553465878157834	1.8641691592792313	-1.9088432655263994	-2.084229764298825	10.855817004370692	-3.5448268712718285	11.580437811648412	2.4224360331487875	1.3311553159511258	-7.155046711064646	-4.286194803542527	-1.7321888140986943	-4.093150421039304	2.063925096721754	1.6892533407655643	1.9078490824590983	1.6091600567911901	0.947642988591882	3.6647787860682173	1.0101629453575234	-0.6226694758314584	1.4814214769694405	-2.5129679058013306	-1.5369709030366125	-2.0122629852549463	1.7323769041864003	-6.1204097000411135	0.8459226415111204	-1.7017200961197705	3.4958041373173585	-1.8581414993514611	-4.289568879619451	0.9157008018864596	-1.5748073807804304	-0.6192595385623847	2.005563600837537	0.9600045987945048	-4.996616669330994
CXCR5	Not-coupled	-	Coupled	-	Chemokine receptors	classA	-40.06316595203593	6.681389001854289	-21.035591112705713	-23.701974062583385	38.22624336963439	-2.7461660232757534	5.97070109314608	32.539253987477586	13.603871218559977	2.1805916396954177	2.1306182540159075	-5.642255359932271	-1.976744942664759	3.869380548110349	6.91837262355441	-3.076087992274421	12.164001864883836	3.806563104371761	4.697255635887569	17.421060979925134	17.066688097706	3.362454450240065	-2.626392382707999	12.754390068825415	-4.144051812091589	2.4505455772069054	1.5558028901444145	1.714319337744335	-2.8441003866532673	-7.5082989387517465	7.083030449863251	5.369911561774413	3.4167568249505726	-2.419927829605726	-4.755350773830399	-1.0851662386533527	0.25916676802577815	-1.081760385649038	8.684400077870869	1.3713169994639194	1.2657494431196445	-9.63635408059996	-4.902373860856038	-3.007379655580999	2.5653943478481764	3.9379419302414567	3.1155898975639866	4.049236639969428	-3.7823593061218657	3.989941197628451	-3.1627855310976694	2.8541285028688432
NPSR1	Coupled	-	-	-	Neuropeptide S receptor	classA	-20.818553096923917	-0.9736029476793367	13.968897110018535	11.327534846354153	-16.434645412205708	-14.698727092277705	3.3910982798385247	30.444163434765237	18.573757773840544	13.929811084661514	3.8025794141806384	14.665123725832103	-5.6090412067304225	-5.451837384107137	12.057959914272141	1.6506108171170726	6.063757028571157	6.863981998090758	11.422108114256922	20.76139589864815	12.875755880065405	5.684549424754837	1.2764614735808086	19.08719934074787	-3.09644639622995	-0.7570422802911971	-3.503952294055407	5.544048177836149	-12.06045539677811	-4.124677797192573	9.432573939652915	9.090536656137886	9.280083544602174	-3.154415052320283	3.068353305148586	2.819864357264367	-1.3920816769124127	0.10062697515770946	2.544869720470617	-3.847895597448423	-0.7151449815874266	-1.7750471731899682	-0.08742326444258862	-1.8308781786891826	0.7166805266466306	1.310982740780889	1.8034101379086729	-3.754956041320899	0.8882269771141491	-1.8817930889818042	2.941697212100834	2.341243216868114
AVPR2	Coupled	Coupled	-	-	Vasopressin and oxytocin receptors	classA	-9.865773045560685	-65.86375056216828	22.80263152776505	-6.10855159392908	33.58891434732238	20.02973569151181	-19.604409406806543	-22.342587848079994	-6.457638916042734	1.081936171640351	6.706069404007984	-1.2508146876078894	1.3784294491035598	-9.105957177455577	3.5986228832905485	0.08464722797158813	-1.3604251417120814	2.6549082601043814	5.143720630677214	1.0443186473744444	-7.681570186235427	3.7363839777585643	-4.59660758354238	4.726066218524002	-0.4255457327664356	-5.483375569281116	-5.75250639515569	0.9289173397176976	-0.6579825160004033	-3.8681603742769157	3.632225757091872	-0.6702055290787801	1.1115511685275696	2.634303984355509	-2.368714707782524	1.2928331731388611	-0.10341860871631901	0.5879436092874046	0.7685289599700019	-6.070566355331449	1.6861244200683219	1.1319071785019346	3.9412533537866845	-4.290634851374328	-5.11759502937525	0.9755425331792614	2.756742657291748	2.0352302563360305	-2.857145179369517	-0.3266695540319063	-1.5294959947743634	-0.36524488045051823
LPAR4	Coupled	Coupled	-	-	Lysophospholipid (LPA) receptors	classA	-66.49231808664904	-25.630930178187477	-24.538731089914247	-9.301807651088318	-7.699084511722226	-24.675006391977195	12.51098036882332	22.739474814802172	7.861703589961806	-2.855440015921252	13.564203362300036	0.06680497889613189	-1.3525711964908063	-0.537703560336226	-3.6331904066879237	-9.729820393498125	7.377913408977895	-0.8586004106645744	-6.4656596743263135	12.422201183786878	-5.375647093567281	3.079306478115822	-9.089615789019952	-5.284381940017433	4.069443172724825	-2.0796568056372493	-4.132849535044288	0.8100243631430759	-0.43771571542970544	3.9103181933783393	-0.6680026155258473	2.5921937573348828	-2.085551057652937	-2.941749094043716	7.59898329077973	-4.277901665310062	2.9181115498003227	0.3095581260746584	0.8993779848517256	4.853983427179595	-8.377431631593852	-7.634845737862476	0.6808969977938948	7.258917233604983	-4.1639671757021555	-3.643072285828238	-1.005347561950671	-4.178790498604208	-0.6418277663476807	1.3613378262742422	2.542786395017195	-6.65041991081541
PRLHR	-	Not-coupled	-	-	NA	classA	-58.14197811978159	-44.35621711402088	-8.89039325778405	-13.06796211099818	-24.080118108794647	-15.831788193393622	0.6359808122919675	-2.7010145698671026	-6.45221570074372	2.7806568956322115	-10.031936963948388	-7.2255936775926335	0.039663611919743574	-0.7178194105905001	-7.194192828835213	-2.8735296571375377	-6.50019441038537	7.057136754184311	1.003277315478489	-4.894002146541982	-11.128471720746843	-2.481887431006431	-7.937847063058844	-3.2209456730766344	-0.8306177589366909	9.295387960459498	-9.864903236321808	-1.4899482204473633	-3.9231175202474597	1.2995653750084366	5.0235531021289495	-2.2403947847864223	-0.4060713139126067	-8.794333528833617	-0.7042156305365492	1.370160716230719	8.855529599969822	1.2173561742210317	-1.1162677048617133	-0.8781024969688475	-0.18128976099755126	0.11530370807627537	3.228452185516651	1.0528775560204566	0.4307542309003351	1.3828891275431763	-0.5361718948870584	-3.1542010732616155	2.639750746066762	4.7571040663733095	2.05609749612071	-0.0398844757192616
OPRL1	Not-coupled	Not-coupled	Coupled	-	Opioid receptors	classA	-7.101831188056858	25.97033530751926	-43.35171307299789	11.144137510946619	19.61850188033352	18.029191448863244	10.795226451145282	11.892765281458805	17.88118998670608	-18.440077986433856	0.8738382561668269	6.5241099007567085	-19.641250738347924	-2.2583092504876174	2.56562939581882	-4.294349127347473	-1.9435048585734578	-10.316744047608362	-9.940948946858475	-2.061426566495394	3.4782097908583354	2.672740269688901	-1.1115933955931492	-3.320861142056953	6.541266325539653	3.0040581726414124	-0.04215772411984146	1.1499646821936105	0.6130211360171076	13.642187453324649	-1.017797199085831	5.089762449844282	0.07516913158126717	1.6432849119370976	4.09817169937751	4.920543297035742	3.2699171721190474	8.716160476546177	-2.0433268942647542	-1.06248395357975	8.101881887609423	-1.5104334529345713	-3.2528533409393727	-2.5074041327285377	0.9801833213898054	4.217065616626112	10.082946093328085	-3.108739796043385	2.8621054759162394	1.9950139431260348	-2.303888400344185	-6.084818460208858
GPR85	-	-	-	-	NA	classA	-58.636468799442	-36.91474159645392	-23.136401895875974	-35.892256825666664	-3.098037948237233	-7.934232802575609	-7.720243175086458	7.580593799899961	-6.630717291603934	-1.9251770029181976	-7.460141720941879	-7.874055897377697	2.4329715333118935	0.0710013415150716	0.5080224254007331	2.2524509335639	-3.301649911696144	11.204597512312864	7.37180432778616	-0.9032399279402445	-16.310254138745837	-0.07157818070292006	-6.791001933376529	2.5246881177285903	-1.0987089628047015	7.812526682710191	-0.9392170111691862	-5.704751323057355	-5.235274744498126	-0.1828761470790458	5.9384913869979785	-2.459361074707056	-2.735874047646598	-6.999974387197183	-2.7111315680630295	1.3730542519599707	5.749094401749783	-1.7470768982048024	-2.064432065043963	-0.23437201506434058	6.637332494696079	-1.1668072574361452	0.6550451749615718	-1.2460836792434078	-1.8659679137205964	0.6655464023059827	-0.3954781711199427	2.3759505711214617	2.0313294674171116	-2.0880834020140377	0.9690302661901455	0.28626393470375683
SSTR2	Not-coupled	Not-coupled	Coupled	-	Somatostatin receptors	classA	-50.13372909751863	-63.66059700335047	12.361860074768392	-29.053069086525568	4.877474816834066	-13.093541956944215	15.33294629311123	-5.952125913888234	-3.0593760766467906	4.953571822807606	-24.853207033639983	2.982358670998784	15.232465330589633	3.4174835638784673	1.5957200967510323	0.5558528154672656	2.3862678620571725	3.3891141126394047	10.230157464871828	-4.849273480260804	9.658776186433641	2.4799414501922694	9.460013634650375	-3.6857066004144454	-3.7250881400984133	-0.27717177494878437	-1.8072586326665772	0.11599072567090053	5.414984158919609	0.36412173793032027	2.3837597715810017	-1.203522479348928	4.019618707765333	0.327506455823704	-0.19446681689792242	-2.3275705923369525	-1.3347151530265118	1.067977724413235	-0.42877469479103786	-3.010341209503003	-3.204340393317861	0.7541812443767967	0.6844628006195076	-3.907390598457243	-1.942621942734177	-0.5667372471375657	3.203199488928993	0.7577612509623344	0.30429735713476463	-1.4878574140723448	3.9569847464399865	-0.16271585136267377
CCR9	Not-coupled	-	-	-	Chemokine receptors	classA	-50.55087607483881	-49.00505346124072	5.127419592968241	30.543092561497573	-40.58850910220963	-34.7610140467279	2.427144201441909	14.56818059715896	13.243424418013488	2.4896819379145967	9.75195173837979	10.259045097475232	-2.4787586118363896	4.375881153122511	3.3737739348259703	14.251909660705849	-3.6647319320460996	3.0567710759989017	1.6115285207230094	0.6507238690421474	-4.6075922998404755	4.550450933608669	-5.482322841506286	10.239375956880648	9.500052258018085	0.2417415854451528	-2.0288236646912905	-4.080619643014706	2.286940463382257	4.712357136321078	0.32622232853807226	-4.254981273464885	-4.676490967175436	3.3771108678455337	-4.172529884911242	-0.49840652999914165	-2.4929386371084887	-6.769590488939859	-1.716367881952215	1.0688184335837925	5.565499870990151	-1.8928084462095942	-6.45576147566433	-1.3349630186271575	2.408071184842573	5.176086856856378	6.932647447927941	1.9410119735663929	1.4591860642178682	1.0378176547597036	1.2982061080958078	-2.736963536496098
GALR3	Not-coupled	Not-coupled	-	-	Galanin receptors	classA	-48.10038792598105	-66.17149098633118	27.51496457641022	0.22077851223809464	-30.685654930016945	-21.215125941800842	17.25238819133879	-10.332981814450466	5.58776044579957	-1.4870231314696958	-23.87466406824195	13.086315082284125	13.140016811252044	2.677647110542377	-0.2171534408705882	-2.054542707819098	0.5197893912110192	-0.7604176166240637	6.951932796605939	-2.366479163606751	9.67614249631811	2.3265999418616743	5.775360464980075	-6.271405785330859	-2.552491676310367	-0.7668675329158343	-3.19226897269378	0.6627620157698388	5.231309785507481	-3.035415478948832	0.2632460330659569	-1.7779776602405781	5.943522811016317	0.02317613820541072	2.165551220065512	-3.0609671473526774	-0.9753155525780295	-3.4674443488907345	-0.36828030708933973	3.9233206284653117	-1.1538212185296164	-4.9120501328557875	0.08374727074720728	3.5310297164683417	-3.0686041326562465	-5.5386856122937616	0.7578986044978371	-2.153226012514013	-1.3810178611979769	0.3244202689240007	0.5289915001373189	-1.6524589172925246
CXCR3	Not-coupled	-	-	-	Chemokine receptors	classA	-9.112490506519647	-5.422571795102863	-5.6225284562919855	83.5205382793004	-42.196459299151336	-17.92718054085698	10.931098235721473	12.008507473942107	25.971985974602152	-35.41048118068531	10.77491656828463	29.775788477311774	-14.348008204049854	10.893625574267801	-4.624751723358948	18.394921810523446	5.478751116265953	-11.663640410099983	-5.125069723393656	12.733482043153069	1.5556051156596384	11.870266961080246	5.273894810367769	6.083127380951023	12.619778443419314	-4.248330192643196	-4.500611794065022	-3.8654444010552855	4.416397282398154	-4.186718116893941	5.5704602829467476	-5.906964125394821	1.1605260141937417	6.970180365089213	-13.447711408026882	-3.8588387270772655	1.1384118140115658	-4.178299219942504	-7.067601360069968	-2.7788430472775705	3.520853438312081	-2.3072876909187996	2.906560841140505	-8.28709897019435	-2.1009014912925785	6.3858556514481295	0.15457302006298915	3.184953638127214	-3.0183942378628803	3.335762037896331	-1.4119539257992815	-1.7078472412041839
GPR62	-	-	-	-	NA	classA	-6.109645709531571	-69.37988297975494	25.658510680412007	8.313427901579026	11.162404452042297	13.43239589727591	-18.37509245545858	-24.07112635562459	-3.0902649753567144	-6.243084386154737	15.415613977475587	0.9208603472258403	9.898658330759528	-8.643646813536895	-0.9024885662354031	-11.527725758254073	1.8849964330356026	0.705859385928913	-4.792898303825229	8.472087266523232	0.12209885454625193	4.711272108426112	-7.942975797012912	6.447667981690071	-0.8581242649865242	2.2514173330404565	2.893172150672222	2.5536333528136	-3.9963283327116135	7.153669396184313	1.873312269278119	-0.22628187450979684	5.990200572390479	7.453966332924024	1.447393116669468	-5.574507008899254	0.02997743277870829	-1.427619390541093	-3.1709704238250738	-0.25660639865058277	-4.678279213214909	0.21342201938483651	-0.7946019514105678	2.3418363606771324	1.8344371012427676	-3.044711229612484	-2.028478466124493	-2.083566519735946	-6.781081183399772	0.9171929957622914	0.8283124589736139	-4.603420266607473
GPR17	Not-coupled	Not-coupled	-	-	Class A Orphans	classA	-36.20813351133393	33.6106004296781	-56.72992988476971	-34.14362096797894	-16.497557271124688	22.068143475829082	-13.119008457650672	-22.62294047818228	-0.12721136838320193	-11.777570406433474	-4.990290380712649	2.203560237006185	-15.439282186136191	3.455010725773469	-8.093371880158736	6.282261274117436	13.014536030087772	-4.952224992208597	0.45493848214385774	6.170126419647766	7.564751511201514	-4.494664810632113	-3.667818246157874	-2.5620711674082637	-3.091985622344579	3.102313256416316	3.564828414831513	0.20268610878086393	7.455273821153832	-1.4754428627895435	-1.987782639198077	3.73403827467038	-3.7306388452720864	-0.03127553939617747	-2.8206557688088947	2.8437197354739476	-0.11725713180384029	-9.050182331678888	-0.5604685022132408	2.873095765101077	-0.3033236138273762	-4.823972064467493	0.2029411260883935	0.5535087178767331	-2.364733518699984	-4.181642039600551	0.8904875886181125	0.41069785929279096	2.7868207359654824	0.35992977517348795	0.14053480610015978	0.1831123422794773
HTR1F	Not-coupled	Not-coupled	-	-	5-Hydroxytryptamine receptors	classA	-52.200760025382245	-34.00581283827338	-25.327811962112847	-21.36979540164326	9.425357564216545	-33.37506689688511	-7.414735832937255	16.620052932140126	-2.9381679475404576	20.386657266512664	20.468630010195458	-10.197954207428925	-5.029266614366817	5.406562261332392	-21.988863921127848	4.112949053259943	-12.685382002744621	5.055314148287511	-6.615557765939946	-6.386544959157947	-9.530345512583166	-2.9371714657666415	6.80583368819532	-2.771124569945951	-4.298635906656795	5.547673004873662	-0.8852876950321571	6.081467692430866	-0.9429065113377272	1.7396790508501758	-11.856088657089353	2.356839258305473	7.602453823074336	0.341388070194441	-1.9182920842979303	-4.891051442740704	-0.8514110196258213	-3.6810004594980454	0.968670932223002	-2.453203889797901	-2.6124819232435583	-0.49467622145242635	0.05155729979877037	-0.5890577381453236	2.4193607707496283	1.3490411943758753	-1.7509984208060652	-2.4563022497365417	0.1076632117572058	1.994154590332831	-0.3831506913593973	-4.659348225865013
GHSR	Not-coupled	Coupled	Coupled	-	Ghrelin receptor	classA	-6.312114193698064	-69.48011587948139	32.61562044225029	20.44674132149156	9.157290669456291	10.035245241393415	-12.33005848819411	-30.095889485140717	-2.799694796739006	6.22873556782458	11.617926393985817	-0.5613835945525291	-1.8089606047456337	2.088023884500693	5.6188461152149385	3.205623258171432	-0.41372505871143056	-2.0224433626004967	-4.158669169940008	-6.226954930170451	-1.522160970451247	3.253038619680055	-8.779545166475447	0.6908760588883404	-5.705229744226381	-5.103108685571564	0.7563555352003212	-3.849814985588594	12.773882856813838	-0.8483691460442419	3.883549797019651	0.9474870810509948	-0.38442787370739767	-1.4627100686832426	0.8170629707552809	-1.2980462060590523	-6.043342082669412	2.8544172287071947	6.9037906668309	1.0769158115272093	-0.26826035149090394	-0.4288350427708212	0.6649437882505769	0.37529890295600504	2.52620747245467	3.288908401994707	2.847637120956011	-0.30778095565897345	-3.6335551464321885	-0.24674303242477968	-5.243863135772432	0.3839867940286653
GPR68	Not-coupled	-	Coupled	-	Class A Orphans	classA	-37.95051841058899	32.40668996019534	-54.29335233343194	-31.60945998915865	-19.290739511083277	18.950861149452322	-10.561957367862554	-19.702622892149012	0.22626517717615507	-11.030503635924607	-4.60680863525569	-1.0239570571317638	-18.62502457548812	3.5961762784492364	-7.7200116308235245	6.102437943797832	12.185327832589568	-6.004336202818874	-0.9317892904709149	6.460840310624587	10.263239409914215	-7.735297003447443	-5.150052518617258	-0.8038538507358765	-7.081168134105438	1.1131170406567958	-1.5713187987856378	3.27706085594973	5.322827657096459	-0.9012215440416981	1.2920233124743046	3.08770468751448	-3.5893603852694476	5.030395684400703	-1.4362413843175388	5.2528314439451895	3.222773936687325	-8.458257849681882	-0.915948943075925	4.666269240153178	-1.9609816050257292	-3.6398649933860163	5.0863830359754845	-0.2272261940790223	1.3499986858258861	-4.0565921076229525	-1.2582384600463163	-1.983796106736366	4.305998125790597	-0.7864529043572296	-1.155832308219294	0.046338036972144156
HTR1E	Not-coupled	Not-coupled	-	-	5-Hydroxytryptamine receptors	classA	-20.50954660749039	-75.60446519772825	39.2545384929958	8.18073404838136	0.028780978948257464	-3.2289582812995414	-12.707785188692196	-15.4400015342686	-4.2397744938605655	7.142216169595593	5.827561366914149	3.1853266602679815	-2.458811871023466	-2.6698941702688477	3.5000229624959394	-1.66361202752958	-4.150898396225664	-2.379999644612454	-7.341473397957996	1.7412657012425352	-4.825939113233987	3.490297757999135	-1.5491612986243348	7.4195131411294275	-3.0365237888277137	0.43983594573158036	10.030772607832846	6.925388510219004	-8.80966903947241	-4.370372628810314	0.47102774642434964	-2.125390672478766	4.110738237257336	10.969504429997503	1.467047253628563	1.338312787998979	-0.48128819441764203	-0.6975452694603489	-3.1027508277625144	-5.144463315338326	1.1505096809391653	-5.617335524407469	-6.420172407455111	-1.1648985533389402	-3.063216917964376	1.2764174095703855	-2.72703742913753	-3.9576189101778545	-8.30959330132793	-1.012278819066096	-6.203680211496409	-0.12475541940859887
P2RY4	Not-coupled	Not-coupled	-	-	P2Y receptors	classA	-54.689169090829886	-52.98426616288383	1.841301585285616	-2.2335085707527407	-37.65002993972977	-18.772669466990557	-2.0693438879373205	1.830176917237881	-5.347833558350778	5.179258366063425	-8.595223064244378	-0.22039146515245	2.883298312266656	0.35407508757338235	-1.934707466382204	1.1809502471946156	-4.743791382006698	10.899885451204705	6.590749851931021	-2.4993617877847503	-21.17483068512797	-2.1659749526590915	-8.296028101851748	4.085172976817805	0.556763496193001	6.690292474128044	-1.919096931638493	-4.580666600421253	-4.726855048673214	1.1159902597001718	5.245343097776946	-3.1813804565907833	-0.6578407385889314	-7.288545605639548	-1.5763209452170799	2.9332981968467777	6.733759070833746	-1.1157763017336422	-0.21572845475142538	-1.9301902820502173	4.80162540112555	1.78162622330915	0.379837455639701	-1.460820223954469	-4.1966642371224125	0.9103790742815077	-2.0198415114460224	1.894041595001914	1.8893634758261502	-2.4520011962227364	0.8574651906135283	-1.9239962790981973
SSTR5	Not-coupled	Not-coupled	-	-	Somatostatin receptors	classA	-23.827865498680506	36.95648709658074	-32.53876958308828	-19.451813707231103	1.4230009611895504	20.05280426640205	10.300960748245314	24.256547043776656	10.33856380326426	12.348246726419728	2.4268443434107345	9.337509894845992	6.125924545676418	-23.392614186476553	13.729117635396461	-15.495467281097621	-7.6359817451920735	17.500030162967075	-1.1304916703333168	5.0469018728962505	-5.406728333620191	-12.272680330632602	0.6864622262336899	-5.189947195295018	1.658748555701963	15.375558912316404	10.732671787858166	-1.3431386291358134	11.62108762500925	-7.677001538549999	2.973922395342438	-5.383586642895813	6.651540506773241	5.748442074002691	0.17406404176449955	3.6252618269019963	-2.6664272528024333	1.5658021201310264	0.23888177431230379	-1.7324253826678493	-4.645067729341611	2.664038139558271	3.668031561249457	-1.935629207488924	4.018668326890772	-0.7507677544814594	2.8889993673229495	-2.7031957024165965	-3.0864699057519474	-0.19194713371279656	4.679855352680884	-0.07370080208250245
OPN1LW	-	-	-	-	NA	classA	19.358066607410198	33.89401180412887	-56.907433739964375	1.8258024865566316	10.003520631649684	22.083961840974194	16.516712480324255	-4.079635441738572	16.747630279730004	18.58120836501319	1.2943623956452321	-1.7844390072459773	20.828422600829843	8.774636296660667	3.192454371232958	-9.225546406022287	12.004307934515499	-4.591786039901991	-0.14007308802824137	-1.2340958493947531	-13.656161206561443	2.0346099018623693	2.704991098289216	3.74134024763086	-5.528950832475244	-4.843583125567146	5.918538099791611	5.534223818827385	1.304451614977102	-4.497196037070643	-1.428256233981787	0.49929632851409084	2.934446738466659	1.5560093673859325	-0.044153550208784066	1.3600902595016915	2.105985880446406	-0.6329775708972603	-2.7248272590424674	1.5305001412462964	1.801950264113021	2.5660315614857807	3.909636809938591	4.092852561280158	-0.7006244570612123	-0.5075016170429182	5.179593125432081	-5.4479018463410736	0.15636552670864903	3.54546914067037	-4.441300357942615	-2.699934347480926
LPAR1	Not-coupled	Not-coupled	Coupled	-	Lysophospholipid (LPA) receptors	classA	-23.60217790194639	37.64907001265342	-31.648365499981256	-18.577421424519496	0.46015237438663936	22.000142678060644	10.585383982770551	25.064651774823073	10.231350451584014	11.894924214650706	1.9040452153771825	9.796599684826232	5.347312405647922	-23.735586402426822	14.585153421368055	-16.297987364234555	-7.25216491718599	17.56108872809717	-0.6526628935077282	5.222938401970843	-5.0025724098473	-12.885235036372489	0.4436563247906229	-5.065335383216554	1.2027307703319923	15.111794448821925	10.674233146680074	-1.9207815936459358	11.410755233256467	-8.12062388451197	2.928943845308705	-5.382865771041323	6.491186285084614	6.393558235867557	1.2401866898322043	3.841984954618764	-2.624613430779915	1.188155330489153	0.6440078497151731	-1.7958588802389033	-5.249883188319562	3.4373805641780133	3.385595011517406	-2.4932761122047755	4.666732875751613	-0.9936170725745986	2.2605853748875604	-2.3917772712564824	-2.7463595443511197	-0.07701378187233965	4.507329382389364	-0.18532599622957055
OPN1MW	-	-	-	-	NA	classA	-2.554766792577282	-43.672643958429646	12.424285031633708	4.488352412323861	32.76476976721743	16.987253323909908	-10.939119150516222	-3.6291617206681748	0.9225034609603943	10.900101982896352	4.5462600590691284	-1.654732288652331	-4.607726804061801	-8.098752676495796	3.192109492821034	10.244931040656299	5.520960810761567	-9.298505290029606	17.399777005850304	-11.814399660955464	-1.2700668499092682	-4.75458004067917	-11.414216587513767	1.7277272522476008	-3.1017174267318466	-14.444638478491758	14.10052132775142	-2.147040650654239	-6.071658192600055	-0.5624836285462723	-4.055384938205837	-3.556681057056067	-9.64660272470065	5.863420904255129	-3.9293699401363313	3.132061263281603	2.2310808416908547	7.759401684648277	-1.502321272494187	-6.045027403305777	-3.6739028354127146	3.29517137771662	-0.9405367926533321	-1.1769311144581516	4.678013354140005	-0.9139537187563975	-1.5521889719091178	2.813370040359678	3.164027712956123	7.666456457291962	-0.3699130564090299	-0.7190618542008088
HCAR2	Not-coupled	-	Coupled	-	Hydroxycarboxylic acid receptors	classA	-2.8694485638001708	-3.149811623737649	-17.77521310481831	39.78541581302015	-10.903366812490995	0.6061225944389151	1.907730562798485	8.708087376602741	29.90000228105013	-4.99365333001694	25.823644705496235	14.063269840573971	-9.063566293097475	-1.5157571597880741	8.959170903399166	20.760516687144843	-1.657370593848603	8.36491354524342	-3.87633060228254	0.17425171564830833	7.320228472267451	6.561737156709149	3.052882811828781	-9.646221875857437	-1.0777602409074352	-5.830836494020458	-4.260669260877664	1.8626556825254856	4.551168175931193	17.64164211370931	1.9045706622921958	-2.810542809708288	3.367793624006583	0.7089859492640851	-5.440295971109217	-4.742742371722092	-0.7253753293357958	-3.9062156719826073	-0.18090160019118043	-1.095120195818527	-0.6794968499127709	2.67720396050587	0.511271774251318	3.811269562708936	-0.17462743360608313	3.1255719248132823	3.5638764901065603	-0.29618213055768955	3.6161400119682154	2.7678506992906433	15.228527957534338	8.452372323472343
GPR78	Coupled	-	-	-	Class A Orphans	classA	-41.1004586583394	-59.70567920177658	2.888058967111803	-13.70002750790175	17.197072225953715	-1.5749656918864121	9.56392445682549	4.404997805590931	-1.0679628989661958	-18.129128927373035	-12.957355771160026	-0.4896499126297035	0.7847325665762721	-2.135650792835948	-0.45582540035436836	-0.8944560176245845	-3.007907346363597	-1.750123726235371	6.340809825196236	-8.714008387803787	-2.0911402080647856	-7.234257697813547	-2.0122121001962485	0.6483217465638568	-5.2043602872328485	2.333508082290916	3.0416216182579117	-3.074358623371368	-0.0385408794010731	0.17842385689953547	-2.3462641221523106	8.064874215210045	1.5690979181650975	2.1474844703403497	8.66837370376121	-4.791866515948373	2.521493250729346	-0.36745864653269433	1.0241025895494065	1.5379911697152546	-0.14096453535647863	-1.5171468375058759	2.611788010321548	3.226096678792342	2.6697945968720465	3.474747106807136	4.184612922846616	3.091456717019726	-0.883379290482484	-0.7593637866375538	2.048580281212477	1.9356117962860941
AGTR2	Not-coupled	-	-	-	Angiotensin receptors	classA	-28.147534273983815	4.735759915063081	-29.648224686221372	8.151101279755848	-5.747401921445144	-9.237488921897208	16.141766083199634	4.475818780779592	23.563701935426348	8.671279203910956	1.4002769437812226	2.110488402164029	0.6800408461306596	-1.1666112379474873	6.075209210069478	-6.298364995188368	-0.41281149748938967	6.577709678118118	-9.550755541093247	1.3595467398566772	-0.9041814173289969	-3.0780245375195285	0.7630250772810145	2.6574064081801176	-1.5635512443735902	-0.7661215638778104	-2.1787094990700364	-1.4040383989348575	5.375292369529746	11.671472585864947	0.8268520678927094	-3.724440508302549	-3.4869767941916274	2.009106737319147	0.7622207556805709	8.058782944260196	1.5795505190666093	14.339187423494907	0.04224209603130642	-3.042048702944953	-0.6265252950552286	-1.9785625545816214	-1.9888273070974798	-2.4313617216351666	-7.396415903764166	3.402820085780012	5.0249477607089466	1.5562039392100857	-6.56141516285939	-2.2468031030652806	-12.252305352212307	3.797847626232418
MTNR1B	Not-coupled	Not-coupled	Not-coupled	-	Melatonin receptors	classA	-14.434843109925135	-69.69226263264152	32.07072398895789	12.273172033326366	5.811884810619671	8.308512093400504	-12.35836570561633	-28.050606269063724	2.6164661283010555	13.088095194115109	11.781822669840405	7.220599965357567	-0.47026084737204565	-2.5675514609299115	10.70047156895187	5.4795361851461815	-0.13714036918858918	-1.2766579373130915	0.3297318159725874	-6.559110883079712	-0.9453919550637788	-0.0762866621546078	-9.291252940205005	0.11627030446548989	-3.0258607998169453	-10.100705329810308	0.6737443970316598	-1.3089217131517845	9.915607996622583	-1.8294195220583098	2.9928398811205748	-2.0613677269211705	0.31371713318764455	0.19935668702435114	-0.15847958848746665	-1.4850293700008221	-4.671628710138384	2.438739990593375	7.549747328791228	-1.7477493404589584	-2.61631416781084	-1.2440152683575791	-0.07179664144022511	-0.2992099608361119	1.5962802203903157	-3.048813757469902	0.8332334911368302	0.7294941380656806	-0.6620798976824659	-0.1252117045389368	0.02550292686403307	1.4398504389059785
GPR4	Coupled	-	Not-coupled	-	Class A Orphans	classA	16.26899085432651	18.041985366564845	-39.49772723273312	43.23477735570093	-33.29426855576599	7.212597802896187	21.75550605065997	-6.320436382507708	22.45418700328567	2.827793139209854	7.383685004024298	10.69296808767193	31.912643800359138	1.7585603557799105	1.8395678600685519	-18.891379547612797	14.394201069647401	-1.7163847946685766	3.7896365337691633	3.7538258046465014	-13.208247385180044	4.5504785344246494	-0.9253342831041677	-7.315097863148153	-3.3141254760395853	-2.71733536992805	-2.8572420355716224	4.83460810994392	-2.1823053960770413	-6.0604091291263416	-1.8761784871945433	4.816995806255213	5.107266756859002	-2.0179111885075836	-4.314285496934926	-4.340237115431591	-4.424699394564949	3.7097258882977653	0.11915537785991033	-0.8212801386276842	-0.08610717755766643	-3.024940245498689	-1.4560606566404648	-3.3375626344784166	0.9913030182403489	-0.9913301375999835	-5.116766809036387	6.574340913775747	-2.6468196786607465	-0.31109927616296196	0.49520552965014036	-4.704007058113973
GPR6	Coupled	-	-	-	Class A Orphans	classA	-30.42959701614045	-70.2873002776348	38.33733009019489	43.04197605386828	-42.282155876502635	-30.909659673362576	16.84638163740918	-10.592164168228395	16.210951883357087	-9.218726076151627	-15.914925259120103	22.014049779135252	3.588584126542034	1.526237852720259	-5.663780140993426	4.040193089416183	0.03137382719351986	-1.3250351305056973	4.941246677151476	2.965237342224867	3.172116354486607	2.5251409836096492	15.636724947300564	-1.3980322011761077	0.7748621729815641	-3.46704993584666	2.9142221500031136	0.3751817986586557	6.883235566310193	-6.602572715831802	-1.551459794247663	-10.843612422742563	5.571880943956044	-1.9233872320595171	-7.646489619563415	2.7964447989421424	-1.3947399592996854	-5.474191044094867	-3.433835310123527	2.3201498490679495	-0.8739271956409324	-5.428202412981069	-0.91724035501785	-2.474915003992797	-5.9171206761678405	-4.550284432110048	3.8250665970399824	3.01323018567634	-0.4684106170253736	3.086657732749834	-4.291687875788312	4.322083832954603
CCR10	Not-coupled	-	-	-	Chemokine receptors	classA	-52.69310002509896	-59.45164230916037	-1.2534163434389363	-25.341698994996364	19.99921791535057	-8.079835855465957	15.018044768917953	6.238939136086468	0.9275966833348794	-15.007349097350245	-18.920280358309704	1.7461338831493436	6.405693401725524	6.157419299537081	-2.6370373214520773	2.19519113077782	2.6494043674702725	-5.644125505077173	5.943089484521324	-7.831708685647571	5.784898702047341	-2.458136724699826	-0.44738354619559495	-4.853366167870123	-3.39474745555715	-0.9288127278186368	-0.4952571911850839	-0.27435171868638936	-0.9702436836679148	-1.1457887828801416	-0.7659654747046675	5.96047776633367	2.4315557096947518	-1.0094870301683037	4.256694500181838	-2.5636235043513387	-2.0698765403657515	1.5826906539716101	-1.9255357777716824	4.06060309492335	-1.7205888861997147	-1.5911659983582345	-1.9510261910928988	3.399367438218208	2.494817630289224	0.0015291393350196465	1.3376855827287104	-3.711775684646915	-2.064067654886179	-2.409488145136248	-1.7669326595740669	-2.8111749322112756
ACKR3	-	-	-	-	NA	classA	-3.7193756307177317	26.135403560787008	-51.47833236186088	4.257207467527319	18.916392616965393	19.096709562831382	15.758817460008373	12.503573708872707	21.39229793168769	-7.593975910516089	4.938863373406628	0.4617434486846121	0.5847328877635632	-0.1461439440910964	2.6519869789883064	-4.088243631875207	1.5742020335451725	-0.6052892565002361	-9.959371322768856	-0.48268163205859854	5.109468008105507	-2.693370870120618	0.9342868574354927	3.08546347939107	-4.185292170359185	1.174918707245866	-0.9057563591889256	1.1958484174817299	-0.6717491257855734	0.2120322237511219	1.0701993982364333	1.448821344311674	2.161361020227418	1.8471048447634073	-4.795950898380676	-8.431198488518683	0.3578794212412248	3.289740511901802	-1.1421200053068603	-1.3718613843699297	-1.887034633885194	-6.319015275345761	-3.731299505281915	-4.684974765200728	-1.9347265576970527	8.214842960781686	7.342219127369229	0.3232923348447618	-3.5076687956921226	3.740999909693896	-1.4346213629653661	0.750133298538893
GPR52	-	-	-	-	NA	classA	-12.743403296948422	-67.58599646294311	6.521803179679611	-12.543582203621336	30.445570022322762	19.955880414942357	-17.167489424677402	-22.80944090136985	-0.6659333878099809	-1.5246111450734243	13.359652718230977	2.7755746584793335	-2.801417456401624	-5.667467241675774	6.482305843371439	0.5575139316021945	-0.06578429080836201	1.5214161983403682	-0.4639051554558628	-1.2033136757473943	-5.227097840975449	6.405457379558347	-3.723526043758109	-0.8760049949683819	-0.8346440838324194	-3.1941298093145454	-3.6934757534281593	-0.622274180429483	0.03770650240757954	1.180461397399291	0.5443436383421544	0.524514467142561	1.1958002330043742	-0.20525199711196543	-0.23628209960804408	-2.2290090095496913	0.3040507527438518	-1.1834568650762445	3.613629533869728	-1.651196802367277	3.5154824513125327	1.6382072826209562	4.308862220402439	3.3606857209770373	-2.0983398522874626	2.142241302786169	3.0206496052826655	3.863560927677992	0.7041122695070335	-2.4447413125750197	-1.078790654252291	3.7142165991398484
GPR183	Not-coupled	Not-coupled	Coupled	-	Class A Orphans	classA	-38.024508876808504	-60.42633611583636	27.171853469175815	36.25773624439587	-32.86969193336373	-18.190793367954086	17.138194402159662	6.474975043219504	9.79711474941512	-8.286008812216538	-6.8241029509384115	14.57320092366953	-6.878548380891054	-4.65232179319311	0.9445463079580283	-0.3271779013023028	4.194869000628198	-8.164119056151494	2.243812547201394	-2.011640153211965	-0.7466588310651145	-2.624681863150297	2.260329799820442	-3.740741234761169	1.3802508761673822	-3.5388135071878373	5.591398733691145	-3.9706839927730258	-0.8907432516123536	-0.4194370715321635	-1.8284611144337641	-2.9968370508823723	3.836811291427144	2.865931572036035	6.95195973224925	-7.843938567319606	2.7347922858922895	-6.298076374647879	-2.0072607220144305	0.7093554798854442	-2.730177839696625	-3.3308325450241214	1.2400495601518051	0.5540877435926697	1.4237389602326656	-0.36551097358516976	-0.309192632737006	-1.4902742937450673	-0.10470967982789597	2.1736664239204817	-0.34934826390085943	4.395381163352145
GPR25	-	-	-	-	NA	classA	-20.992978173663836	-9.053896567551046	-19.677493587189645	16.800980957144784	13.51876921514835	0.822395652857742	17.862399584167893	16.899235773945325	18.824361215130907	-13.471547913466194	0.8349334323824843	6.71834827296462	-13.048939110031373	-5.409004274810604	-3.8020034419345516	-2.7841424578538114	0.9767801935184205	-4.078583003799843	0.7702018176559029	-0.9880045659742867	3.2875799307232665	-2.777218200269187	-2.6192208804735695	-3.318443212846002	1.2792061334590241	2.2527925685173167	5.739521662795376	-0.9096215304679055	-3.6726858569178287	3.774154436084157	-2.8772881785460593	3.3477902601021863	-3.0447990139514496	-1.7035716868991686	0.404851407104556	-0.05881959761737163	8.487020611595243	0.04277658093085065	5.851690290350615	-0.7776730655985038	1.3896615110096189	0.9218627665881646	2.7009426181526495	3.089690417682611	2.035717538647294	1.7358773456079795	-2.0352836476772946	1.5884645178221743	2.1292797006690565	4.579848203058491	-0.8030644589133324	2.6538457247924585
FFAR4	Not-coupled	Coupled	-	-	Free fatty acid receptors	classA	-49.95147489460748	-49.698914877528814	-8.032232478131473	-16.810364864444722	21.85936269346238	-7.452973928226667	13.795187353147814	6.832772036201269	-1.5965625777032948	-6.887180063828745	-9.693542076469129	0.31788514627958697	-5.682266574221296	4.76761522901819	2.0099924522746306	4.708213716232541	3.4174004467779575	-6.485998740800201	4.13322240423376	-4.301384867295684	-3.2721200771557393	-1.8235924194830306	-3.9739997732410206	0.19391344339515146	-0.7191665385978502	3.797668229369566	5.28366811516424	-1.3138417953597499	0.8892310765923467	-1.0955342101230752	1.4320572432131762	6.789707564212832	0.6957564007997796	2.033505541629046	6.457103801287318	-8.046069759447574	3.3394624424721893	-1.8956979389527746	0.23720178787351637	3.5058988474905943	-0.33066579503659693	-0.5072087929551531	-2.1076736324698766	2.017513222319561	0.5466588268282605	4.351147644444977	0.4711199760676167	0.48629030407096346	-0.03092411152907467	-4.921161085053685	0.8219856886495343	3.0452131183492943
GPR15	-	-	-	-	NA	classA	-48.446080144005045	-60.66796458216158	11.38583585453004	-30.175555076677025	9.419853113273453	-9.012807955243648	14.74387977926848	-6.604932839551067	2.8802438219105233	2.2694761414095366	-24.905538356313123	6.622270724916861	16.7183228407698	4.607718285398149	4.412090663291487	1.783953263535839	2.651622506441141	2.319791481946467	9.487439198178262	-4.35782949032977	12.707603496596574	4.508185318152985	11.2440924748725	-4.579943758610156	-1.044963282473826	-0.09023878211861332	-2.4723851419395984	-0.9318176966615125	4.774897981481175	1.3875053326385365	1.1875912066848358	-3.3441004630060687	-1.703487498457026	4.39946139964649	0.9866446401097732	0.8777733358132396	-3.0915281660141622	1.6240661959601848	1.0318765077048786	-2.756031007605413	-1.6249513141334824	-1.900950689278767	2.1656807190205245	-2.87557501036007	1.1254018543398	-0.8388547349771428	-0.0614930259779705	-0.7389740259127653	-0.007593313601722267	0.4708745684439391	0.18921621386430024	-3.566811911116071
CCR4	Not-coupled	-	-	-	Chemokine receptors	classA	34.61199373693563	19.837509540601186	-46.33542486558846	37.84797022698478	-13.662268323817942	19.26284762444139	26.749925116625203	-11.481515819022857	17.017253863162818	9.32667717338277	0.0271705130685873	-5.426746915342549	12.69908367005917	9.097489434459701	2.4590085828719186	-6.979425768062177	3.009414178281906	-5.837170735981265	-5.812367660274519	-9.697239510879788	-4.068810034520625	6.621199935879728	-5.429908269413694	2.623742910290332	-6.000531783607461	-4.111866314524699	7.823574557314998	-2.2690979601297383	-3.9992311053751637	2.4161573596589037	1.660180770409491	5.191010730410589	3.9494600679078378	-4.328218159854004	-0.4484986990099036	-3.8840279799656776	-1.123446884263942	-3.111201748374294	-4.7488066162919695	-1.781059837190269	-0.1312981578540619	2.633497174700774	1.6818857916939363	-1.7722085949271122	-1.9564063846063144	-0.5723885796476387	1.1514374288854041	3.768678408742868	1.5262283879029974	0.5981300595956764	-2.473841663475381	-1.8853401044077716
CNR2	Coupled	Not-coupled	Coupled	-	Cannabinoid receptors	classA	-56.04251603634137	-55.637220673533754	14.958614823703689	-24.74679947626326	-13.02431094024763	-10.795885044534442	15.496618662884353	-6.493885350706182	0.6712334990499917	-4.41563604457457	-27.3263860832133	5.247386918925001	9.031350368269853	-1.3743004292313739	0.15871892116742709	-2.6128362940063967	-4.6949830794875105	-0.19627570444202166	10.21787837027277	-3.473424837798861	10.264982693271108	2.3218936473664176	2.438696475963681	-2.8710749691769393	-3.0615471536044416	0.7829611758393292	-2.7260345302389357	-0.7844466775610719	1.0463325517090651	0.07362258376595529	-0.9662285649767992	2.4791308416743787	2.328241668310663	2.9894641825662225	1.893598513629943	1.0540887132828125	1.0135561701456848	-3.8647343371236023	-1.6066204554459425	-0.17426570573788808	-1.6585164528685301	-0.896686759655017	2.1170901900070422	-1.5691822185469029	-1.231612970391618	-1.8332583491557675	-1.338692166587179	0.2679481747095894	-1.5257129657983928	0.9938920344311758	1.6227651122266433	-5.1284501081962715
CXCR2	Not-coupled	-	Coupled	-	Chemokine receptors	classA	34.94816153095784	25.67554846250938	6.477413180910157	41.40531124570549	15.322090103469076	14.368034631357025	2.9423720961889286	8.284239332072891	19.406734199387905	34.670741956864845	14.230180538791743	6.703897504207741	-22.398540552892953	-28.1183794363889	-1.681504276061984	4.845508527861319	-11.325590653308705	8.140868945536848	17.932868549686486	-11.216036517182792	17.249102066602013	-6.858660397097202	11.774081575218867	-5.005460935008223	-2.495865981582434	1.4268182399800207	-7.643321768872399	-1.1851241922563722	-0.11843225653648537	6.647556159034395	-4.004288147377558	2.7325967277098373	-1.0908495797038604	-5.190372060687029	3.652979338138415	2.594407822958464	2.970088378660234	-0.6412714070629374	-5.247060993874176	3.3998407588816506	8.302041956604038	-3.3729413488774944	-0.20972720250813226	3.504019739213637	-3.5509545788619072	3.5622046129061182	1.7431812578406627	-0.6229366981880349	-0.39985192714078116	1.8006356037511766	-0.9919489630290984	-2.9225601286292564
PTGDR	Coupled	Coupled	-	-	Prostanoid receptors	classA	-0.12907535680242974	-63.7164219451841	21.757582687033658	16.85566406226635	5.044437956471696	21.708822150167062	-12.455071018292967	-16.647541459839758	-5.454674945101739	9.96911285886821	15.917249523446898	0.7763218457310781	-11.781910549432663	-9.46905663193898	6.06023068206962	-0.2369048105779057	-2.3558869392591686	-3.539313219989244	-2.173537827898736	-5.315324565291789	-8.620347569098007	6.275438949206509	-12.264370328750047	-4.308310514593586	2.369597243977218	-5.189387342109469	-6.915875487943153	3.8936100243557052	9.592691357929075	0.0987308943220281	-3.301520038092495	-2.600407999584036	3.662266389720702	-1.2066004381789108	-0.07374189528212073	2.7881950991421403	-0.11979355294721357	2.123821391871112	5.803658212610777	1.4476202803326557	1.2635800874970953	-0.4559457943836056	3.1961429283960734	3.607026077143018	2.2418186045660646	2.2675191734169466	1.4978064457769846	-3.351969796688669	1.2965599480122245	-0.08121695708568563	2.040358374933722	1.9681400038510355
P2RY8	-	-	-	-	NA	classA	-43.152701988006086	17.041627945188406	-55.632369630158806	-20.93980580269349	-26.590676093084557	18.38134253287478	-9.332949475454793	-12.681278811477394	0.18188897508813043	-11.082839298633065	-2.157401908254643	-2.269384254959509	-14.598088792163393	3.76855448258641	-7.068359698025702	10.271420810616938	-2.4584143880754876	2.2594001418923146	-2.564930705537818	0.5945948688389917	-1.929725682011474	-0.6167091671303782	-6.9300882904801515	2.212552418894679	-6.935061094401949	-2.67585854951169	-1.1735082135811767	-5.513240586101953	6.424505981630199	1.9003644353085543	3.474313991341134	-3.3447002458546953	-4.387169173820505	0.07496948168849203	-3.499005527380423	-4.803782999771154	2.546847546761699	-6.5290609618987565	-1.0813169260468976	-2.9530244830681385	-4.119312858406047	-2.265541003039068	5.13939580979295	1.5855840585522782	-1.9882504849482339	2.8806448393372452	0.7767934225583564	0.4811361291627682	2.0647182748411654	-1.2961663076360503	1.3771108748935983	2.4575124315157213
HRH2	Coupled	Coupled	Coupled	-	Histamine receptors	classA	-50.5510443358977	-58.71885469560294	-9.657544206570897	-31.87433790594145	21.90721020833217	0.5703534518704632	6.76822676843184	12.022747479979172	-4.839848853387496	-12.009248127106101	-12.459127091042605	0.0058243670548278	0.74788559769456	1.4266574981016058	2.93401738249628	9.803056930538252	0.28944798537442495	-4.906685088238526	6.909841881963518	-9.412337895611401	-4.45935252957638	-4.0280907291602235	-1.4770652759725855	3.5267392347333675	1.7730361428522319	-0.5513073414312695	3.993615888906981	-3.1614847559357506	-0.17282056757473668	-0.8071970672940925	-0.13034799813938497	1.2100919768421698	-3.356045035717808	4.027411790677411	5.2149908858885246	-3.2432911545334053	3.0858283097805557	-3.1728561167521088	-2.9849564988661372	3.334435671846717	3.4823509052789783	-2.6664131937661364	0.43404830356917545	-1.251401332814257	5.444206774382021	6.2797710165363245	0.6285768067761452	1.344426574234988	-0.41189669382462796	-2.0764647100513107	1.9023377319789823	2.3291951532451387
AGTR1	Not-coupled	Not-coupled	Coupled	-	Angiotensin receptors	classA	32.57354392156175	8.698773933836877	-3.248573341611021	13.913417866573075	37.432585771105785	28.1762970224002	-7.298876429484032	5.392245896138374	12.999410965539207	33.4848905288696	20.084320693445434	-0.8136172325369687	-9.844623393960337	-17.76325846542033	3.106775043600919	7.131049632575583	-2.0963297569392307	5.096437150369304	22.695415721840888	-6.382104416687258	7.608010442616021	-3.717411376579717	3.853551089791558	-0.759792951944789	-6.969440839261979	4.801157929204508	-10.934461134904733	-6.9920268212723675	-1.3531006495939761	-4.597976125581715	-3.240609969711294	1.9766517958226877	-9.157398378945185	-2.54773891996448	0.48714084725961937	-4.502044135389142	3.393661820999514	-4.058089980684447	-10.46622132145122	5.643476251455555	-5.700131504468003	-0.7438337086844271	-3.0389448518573126	-1.2354130335850104	-2.325269418930813	3.4502540937607056	2.5868130672322907	-1.1740289393981524	-3.2306000925312435	-0.43231646853129674	-2.7383217563601208	-1.1077040691036597
PTGFR	Coupled	Coupled	Not-coupled	-	Prostanoid receptors	classA	-23.524022617882753	-62.06992062486857	32.52855641387723	51.614820979443095	-40.36557235883724	-21.400050880149063	17.602541124345066	7.466269485455712	7.137734128796375	1.1539642640644723	-2.7284758700532326	17.706944520589875	-10.841102355252376	-0.2986165353092242	2.8205005587624825	9.304675041796054	0.5514410387369232	-3.9350859706875374	0.7211990696015996	1.2805878226000942	-6.552342598718113	-1.9096037548462585	2.000657177944914	6.59372265830368	7.870808008472848	-0.5109473050337445	11.386435418415672	-7.032139266819814	9.50964190917506	-3.5742204871540935	-0.4589058816871096	-4.185329800900862	-1.151292051458416	-0.5262801295831643	2.0694168941855544	-1.5271447670081815	-1.4931031320916202	-9.755950981394713	-2.7754752470479467	4.297985560182206	0.039682345147029424	-1.5213730918005974	-3.849088163319209	-2.3392706301387753	-5.117472656751025	-0.704018045454967	0.43428548626771796	4.412226102384129	9.578376029460978	0.28046400268130456	-4.059514442800005	5.6968676922074835
LTB4R2	Not-coupled	Not-coupled	Not-coupled	-	Leukotriene receptors	classA	21.592798735032805	-59.97320215417786	14.249715918270256	0.7745402864571165	35.64003299786759	25.603378386434294	-14.742179969648733	-42.73354590469077	-5.295405827558906	8.501733838155735	7.417641871174347	-1.8962912843411799	8.14650972716997	-2.585891492029179	3.801982493025992	-13.915179105239588	10.092252408206658	3.412105074465543	-18.242100816588902	20.194237732563494	1.6288707249329044	3.5422926717191205	22.685055683877113	3.979593255412293	0.5757148545916575	8.532830499481785	2.854000761334527	-5.4681053987843455	-7.147353501767947	5.486264131691013	4.8670949846218825	-2.0539416391027796	0.3448186027699495	-3.461651970174135	1.7887500168580277	-7.916509334881146	2.4084402824100866	-0.7961861702888796	0.38997712254970157	6.3973676116371605	-1.5987322409717741	-0.7413632033913466	-3.365059473080574	3.2772284993734058	3.352170540214473	-0.413484962896256	0.6917003520054709	-2.463458755308873	2.7119059386063444	-1.5801373651436124	0.5703595650801087	-1.3031544249269769
GPR87	-	-	-	-	NA	classA	8.273101437909796	-51.84351350596227	22.053861715423654	45.29399335599814	-1.582433581379606	5.179318523062398	-12.393259217038475	-19.757848788857217	-5.0514217792108145	12.001744525099156	20.200901838570466	-6.770170491297693	-3.4173100077713525	4.885016595739156	-8.098702424853842	-3.7150287333460956	10.669518437773846	-4.705198769037173	1.4131860475183398	5.472121907068135	-10.283713607311157	2.9181780432717646	-9.556990923654405	-5.778126358452093	-2.920692270112336	5.5075070062781055	-11.231948824091681	-3.4726779076922325	4.67040797126435	-5.262980615591368	8.394088997431608	5.484247069567251	1.25717375645877	-1.5103183481429945	4.161553447521404	-1.57251893412166	-4.320551593985868	6.616847373586818	-0.07508506513039473	6.875777732717567	-1.3064976851870336	3.413053437307582	-3.922742065391692	2.5030482256254065	6.148239953434293	0.8721862887800276	1.7309649705843788	-1.7065838115259573	0.8507370927178969	-0.4981514273058385	-3.2842474522409923	0.05083888588862267
GPR20	Not-coupled	-	-	-	Class A Orphans	classA	23.23860007846204	20.866915746473822	-1.538258864954534	32.89092259822048	18.74430047539021	13.372110874497013	-1.3657276484266088	4.587772554958033	16.280947391090212	38.370239270285566	21.213327195488517	12.206518291108734	-15.662462503794636	-20.013487825013037	3.6610316638838847	9.588519943286753	2.6331162037409825	5.217750428526683	21.102125644245067	-5.039030696184324	10.539209896300061	-2.1432480274600483	9.421775009220967	-6.18268698540576	-2.69840192343128	-1.2309900545114616	-6.819652154190364	-2.116298130101773	3.2930604600675277	6.224388780196974	-4.244282839682719	4.986536191492893	1.7704866376510013	-5.813865527001554	-0.5103461400637348	-2.565562194970623	3.8434859744528396	-3.5574109711370046	-3.9678350811436545	0.7174516046654936	8.479965886787724	-1.3945904039470387	1.8593096154183042	3.4692350678566757	-4.377595866242135	1.8210182835714843	0.9426076668120842	0.2875838225099613	-2.810935230856928	-0.6432092944852638	-1.7491246706323567	-4.183914067922696
PTGER2	Coupled	Coupled	Coupled	-	Prostanoid receptors	classA	27.530582613732797	91.98083298391921	37.92766572447185	13.564435076968872	48.33923784701814	33.110819884387546	31.3264671286627	-3.698060809281256	-23.51424477016806	9.376526557259288	-44.0794302508339	38.43570359499668	-16.845080886815516	22.979772749232776	-3.2530614928128094	3.888195603482945	-11.710134762133846	22.414153691428012	7.221475701887594	26.671849891350877	-17.835911437632486	2.5422529255165465	-12.79424550890705	0.2009109433039795	-8.013384233660581	-4.167264449652221	-3.662804995583791	-5.389424090551724	1.6028860278877548	6.297664620964472	-17.24341875163391	-2.2834382303874814	7.067080493505917	-1.6555687082911517	-0.6451672934221021	-0.09049382599239483	-0.2780762766069438	-2.8038403234139726	-1.365726248625322	-1.4111105184664572	-3.609924686549701	3.3923903788024425	-3.070106278825218	-5.340858912950612	3.6614162681517035	0.7726666141329667	0.010172379408887123	-2.7179081383945127	2.6815133314194353	-1.390743704107877	-5.320772350918423	1.0119990498910933
GPRC5A	-	-	-	-	NA	classC	-30.957866779254868	28.912168060702104	-42.731029253185376	-14.746191093401707	-34.873094893158544	19.635014982119213	-3.6965213667334926	-14.52747964834099	7.8020408581778895	-16.57429043434112	-3.1447411810981314	5.406225950057202	-13.859727830467207	2.0045379064554116	-11.127029308072887	1.130804117650989	6.871403350427883	-2.8170251760109952	1.095985196794295	9.648861909336748	2.7563240860041893	-4.343008723378997	-5.028082265143475	-2.4666836789390985	-9.953059690863551	2.527637773168864	2.33472278545821	4.3474205455124	4.805788362594787	2.338955130847115	0.689660556712474	9.639809698237775	1.8936284109009935	0.25101985970316104	-4.679397027457633	3.2344082976336472	3.5686184631695843	-3.881886558017677	-2.899305908589315	-2.6700003095617273	-6.865474347313421	-5.87377930075263	6.230769271084211	4.479333224835513	-2.9603124632534166	0.2660252348350011	4.487185945615595	-4.976301393890944	-1.3082108283770486	0.4760293685186422	3.7857871439754263	-4.9460815867273595
HTR5A	Not-coupled	-	-	-	5-Hydroxytryptamine receptors	classA	8.445425808141605	-61.89677808705351	20.315601500485794	18.321760304134873	-11.272680930929164	26.53221512256668	-2.418956589697312	26.025787980203784	-15.80011762508602	-29.079567401217517	-4.862437596130547	-4.841582965449859	5.810120169484431	-6.4805675363808035	-2.9633395414041406	-9.77200891306589	2.8023581206433748	0.2852705521917032	-1.216443796404327	-1.2640151784285312	3.288110669120498	-10.49820015626244	0.7251487312598603	13.87968801830358	0.33056921015810453	-0.7934974763505166	-3.168263676073834	1.1617915360665159	4.931722873621966	10.862391795328657	-5.488536343207097	1.3297044513623513	-1.428939154686784	1.1786689963607107	-5.245992040411604	-2.930748421503529	-2.9213561176136853	-2.927157487636623	-4.157397151891091	-2.6885111414291036	0.09652387322183233	3.0906491635655224	1.6640442752967421	3.5113737809975962	-1.0131048168972565	-2.5857303619295027	2.4623969843038296	-1.6973091651304888	1.5363022574547491	5.839784082492008	-6.58597010640942	-0.9074752333606664
GPR32	-	-	-	-	NA	classA	-44.77973335068813	-56.725503266806804	6.742543010145475	-24.5480141185183	8.533468026856633	0.49956253882592394	14.033777708807152	-8.066570178145655	-4.821005659642538	2.2951125441010465	-25.78206018340094	6.693798066458983	13.560268039464795	6.645013055436077	7.20570161871842	0.8113029594690806	2.9821247105201154	1.4177259617482025	3.04408738075769	-4.860862341291599	6.249584484171509	1.079640087329886	12.850536124852571	-5.9813843591964275	2.7647885834381323	1.8129367353066097	-3.454034564199916	-3.2554502512702386	9.123575521910093	2.3502674484489714	2.893541159374042	2.4831427089814433	-1.697197094811484	1.7743315917113067	2.696466280389708	-1.5179663476247218	-4.314284186945375	0.5378652898533723	-0.7067261097576331	-2.5419403055941254	-0.9113544719146471	1.6549548268768195	3.957769087832133	-0.02544191616987278	1.5929111110596004	-0.42396300831105466	-1.7759749625363959	1.5318678361146203	-0.5195682368896054	-0.8433800643933949	-0.0836825688281314	1.1543769991444468
CX3CR1	Not-coupled	-	-	-	Chemokine receptors	classA	-52.286638981209975	-57.526418277310725	6.483240346967916	-31.322086681219808	10.198454408094213	-5.769226281057065	15.03671613984247	-3.7356054781253865	-0.18305588915965476	2.384348235994324	-21.309519719575427	5.6866173755638645	10.59451785046491	6.665185157223145	4.890936207957345	-1.482032395554968	1.65883655887776	0.36653740201795226	2.4428435858056057	-5.5451218300950424	8.307925594415304	1.7731999749435121	8.77483158074916	-5.616128659790721	2.1525058363267005	-1.0547133101733752	-3.5044172880324043	2.892248052861337	7.333100213231341	4.440748570347674	0.5271028241637049	-0.820573395934601	-0.5691172372701072	5.408179090298779	0.19290387550229535	1.1395557455562437	-1.7384007820563843	3.214721169206523	-0.3967431983106888	-4.201148117648141	-0.7366019664538419	-2.8781554608187787	1.5380317357280053	-2.0067942678756663	2.4956219372166224	1.2455531518007692	0.29337225141329965	-1.6301153469246366	2.609109204781123	1.0895823608345325	-2.978484749163293	-3.909083514391254
CCR3	Not-coupled	-	-	-	Chemokine receptors	classA	-51.52106584286451	-60.67108865150821	8.462485808222869	-34.42851405429803	7.738030575183897	-5.584779540958439	15.347213430277584	-7.391501960751608	-0.5905300570928025	4.0507935239843125	-22.544431982429902	5.281776287378332	12.461122593383383	6.089098478885993	5.76200592261358	0.2952779763591378	1.290458565812393	2.703612925181713	2.8195186889413693	-4.906792949707178	9.60999894294112	2.027332732445956	9.976384455534685	-5.065614251891872	1.9848062667905353	0.5223406628212254	-2.660212496992948	0.44449932342046183	8.725969302810851	3.1492712796704763	0.9993249647372694	-0.6091728634121354	-0.3774914182860636	3.029037623353313	0.618874901889438	1.7579778592920645	-0.23520504486810617	3.181162601218133	0.5341751042904285	-4.482741010857431	1.012266642018616	-0.5908345627514677	1.6178325884366682	-4.088221794348565	2.1911196776599913	0.7000964974227967	-0.46523035666592916	0.07689554251723561	1.4327674164528703	0.8027675635506508	-4.492066447302518	-1.7475896380952751
CCR1	Not-coupled	-	-	-	Chemokine receptors	classA	-25.034390833370836	-52.49817921485544	10.06714372653825	-22.00955003362061	-0.9794813349880265	20.266932393251402	0.9781895028768585	17.623847094735382	-18.449225305285626	-13.166054662128941	-16.546924033223174	-6.123990402525619	-4.2813296914987315	-0.6514626572609524	3.3515677978341083	-4.117695202063131	-3.0899118759205155	-5.840749558250117	-0.713520630729908	-5.458759110857998	-4.404727530549769	-8.824699838951283	1.9833908638698112	2.58113579405102	2.868820651026833	-4.111127355348797	-4.626417264094884	6.820881254481224	-0.21496482086945204	3.5893730423861636	-0.14775329082418898	2.959925928337008	-1.6772530787791682	0.44546659449363457	2.492188324948081	2.5183754901457487	-5.653152543477526	0.2803056593181968	-4.806620082409529	9.002087801635213	6.523252670467197	-0.5523132136620601	-1.733582631490747	2.3365877833329614	3.746681535797403	3.283052294627643	1.059818770638771	-3.128103234624177	1.6132707420718486	-1.5168775739459575	-0.8714714675453709	2.2413462769395753
CMKLR2	-	-	-	-	NA	classA	-46.21505569567411	-63.5431325048579	7.543954078314715	-26.947103483291773	7.255456200189223	-6.863653890290133	15.667855279326163	-10.016432857870239	0.3434886515904479	0.2579603218124738	-23.7481661359343	3.599608812415703	17.00584108178399	6.616259282275832	4.488427579558104	-0.06215815405621441	-3.423185560113724	4.184229590301206	0.890200014826716	-5.152976427943073	12.568271086346886	5.344048034051349	11.235803874584315	-3.3377973629848983	-0.8925456597037672	1.737812422380731	-7.671278278365752	-1.1726959303231628	6.764298989897003	2.403176497244689	3.6476158591757386	-2.9761455415128526	0.15538633480973874	3.250291097332485	-2.9630715491257718	2.153379048448038	-0.8874051816017573	1.8415643210554455	-2.0467170654207	-0.6083429002051687	-0.16935269493327043	-0.3095227506706908	1.158049606404444	-2.7675952841881437	0.5007774294167526	-0.8654862858994805	0.9001309121233901	0.24620925123872323	0.6377366170127348	2.239852336576951	0.4540237633431186	-1.7208351022455057
CCR8	Not-coupled	-	-	-	Chemokine receptors	classA	29.002461981652992	-56.73937701054406	15.307605737000179	8.28073083749567	28.3171163378291	23.912068489734377	-10.913309072413625	-45.048730851554076	-2.025761909609518	12.617746941556746	12.599220639728133	-4.185453556691389	15.68644656467604	-0.7390113689483507	0.6479733048137831	-12.028086751204544	12.588517876969497	4.725859823633817	-17.233471003173133	21.15054326779283	9.189207466750414	4.773146740462782	19.352808633021223	7.649054752272793	-0.6399107412912269	8.002173721381615	7.602760863427492	-8.845506043471822	-5.834963450250697	8.258716470705785	1.53140870754684	-5.852159538704412	-2.074371129028427	-5.742288070878481	-3.7206588901583952	-8.657189004387371	6.441275253063925	-2.2863466604899623	-2.1938222553868063	3.503176695237962	-9.057055038218774	3.456873133427872	-1.6697198537290747	2.5673926106352436	2.269667641837365	-2.885999698754258	-1.5874187653727985	3.167257458179189	-1.087554069459298	2.924965663284398	1.5724150715024978	-0.60117392491087
P2RY13	Not-coupled	Not-coupled	-	-	P2Y receptors	classA	-7.351903894515096	35.03025193269373	-34.67714579542931	-2.083973356668838	18.26371306655421	31.795394726198463	14.379064597087797	27.541192236896396	20.368873953855285	-9.60369744092103	4.426020621919628	9.991916920021387	-10.313407219191676	-21.90456512128268	19.4209882506652	-14.511139954536443	-10.253796147103841	10.170095563339816	-4.356148142323239	-0.5410776284275749	-2.0865640660173295	-13.131824462527705	1.472642096294257	-1.3926901122723698	0.051127225320124425	12.402212273529704	8.826514441170833	-3.890549827024939	12.987274243408299	0.8095226667973912	3.8997608409163536	0.6702328253438544	4.572010090320782	6.47655210668387	4.7172673428280305	3.818398174615729	3.36755859668041	-3.9429663507075055	4.13605677269728	2.097482697275178	-4.616460432452288	3.3987166029279234	-1.5902853039086913	1.6174633880721527	2.8255471541489396	-1.2242010302590371	-3.8456753237891674	6.982670467899614	1.1000047309730165	-5.122514957022963	-4.549063249405414	0.6615662298809515
OPN5	Not-coupled	-	-	-	Class A Orphans	classA	15.229077930930385	30.801984499858143	-56.157205715422805	0.9129156980268975	12.214766777788077	27.551547895973943	17.99455057062075	-2.733021893746219	15.44002799178998	21.16130532482224	-0.2597728945516622	-0.0732167433130798	14.600646931972777	10.991959928188155	6.264133622421435	-3.7583369834363882	9.245779396123387	-4.999327045117496	-0.7562774154918643	-2.8489567706177477	-11.079382854702148	3.506430730491411	3.170801811104513	7.026740146769948	-1.9450293590938381	-3.5461425354019327	8.649920245367811	3.083926302763477	3.722342207752086	-5.799527189450798	-1.3472690597118857	1.89317765899763	0.004133230502020818	0.34602014374707835	0.7533850144084147	1.3963052344710591	3.4908481007091434	-6.179421744046129	-1.9278177742072609	-0.04410613818495793	4.118097206615076	4.018051999438436	4.078612695866954	4.280679988265868	-0.1818204655892071	-1.142551130202432	4.955183765677108	-4.255841074759344	0.9542848767532487	0.5895821050084283	-1.2014606142965216	-0.4863337386576288
LPAR3	Not-coupled	Not-coupled	-	-	Lysophospholipid (LPA) receptors	classA	-3.1946093142488037	-19.46972523691898	-28.285494678782	4.856826620006864	40.15922406012022	-23.2911883010703	-5.115669134129837	7.030567388553522	-6.35831899168221	26.104637211777177	19.394674914878546	-16.963383814751065	-3.2616436624478293	23.498034781394427	-26.04586982290684	22.475787055078843	-8.025759261585032	1.199548109451533	-0.6565399951886656	-8.92465594113652	-6.972742647699929	-6.754600574122417	11.82561531575303	0.2896915998778523	-5.772956019424639	4.732032790759518	-6.167727475955672	6.658476260061912	10.331810133454637	-7.61816581512443	5.293494993868916	9.325204004871988	-1.0003259776803959	10.723978014741464	-5.043865610632823	3.076950142797218	-4.959626998821361	4.910372175246182	0.6377816663219593	9.392117568438128	-6.098330752023081	-9.618529578389014	-10.58543873996715	-2.82646137470761	0.21573867456969623	5.713370260775609	0.05142470829495728	0.21719870545485892	10.152632117582039	-10.301266988904109	1.7599604116017022	5.0021884753688415
GPR139	Not-coupled	-	-	-	Class A Orphans	classA	-26.700472977549232	-61.64864739036594	10.596624531467997	4.263631553057613	-2.853726683755207	-5.599004581999585	18.357379360308443	1.6767068054659047	0.7730662212962384	-1.1400949233786788	-13.563201304708452	-3.5740775239664377	3.4165910985562036	1.5927081423900675	-3.1690284683111516	-0.6219295320981274	-1.9794151781179405	-1.80277154934681	-2.085742274574747	-10.562368189892927	2.0574829946808437	-13.23766167990246	3.9128287586256496	4.379598546784556	-3.419871510807507	2.33600877595416	3.477081637493018	-2.1660626225389215	-0.9177646776836969	-0.283681448631243	-4.053581664620228	4.3582750314648395	-3.6450143423935724	0.3439311650908393	8.94145130316825	-3.184398876717533	4.170043050336687	1.5332208237305114	6.464090458626632	-1.275518302460979	-2.0572584917183687	-2.9032943491151335	0.638641167536344	2.8904747974600054	1.8268562469971477	2.8774550823709877	3.0217463298885003	0.47129705850375375	-4.221903530078886	1.5653936709845575	-1.4309435848426553	5.229567794539513
BDKRB1	Not-coupled	Coupled	Not-coupled	-	Bradykinin receptors	classA	-16.92991270581094	-66.05688780519543	11.921880918324067	-13.27882923081877	-11.491576459685767	36.29819984878824	-1.1326831919243827	36.52128902451022	-20.948444192781103	-24.02734837681979	-12.194998158338471	-9.553944336615235	-7.484759677736283	-4.443668522027103	13.163559790251812	-6.892244148747705	-1.6685762390732606	1.5817461278119986	-9.332031916577336	-5.133425601538208	-3.461064222274491	-9.471362091918728	7.013280591877759	2.372324750100027	1.8990910192694745	-4.403181818720269	-5.668036757644142	-1.220024703595176	-4.204824178057682	4.970201442086914	-1.097475575449003	5.366035789627972	-5.8917110091189535	-2.2047852506718835	-8.572999730041643	-0.9776620114667269	-11.18899376233479	-3.715154731094392	-0.5931074987829121	0.968124138318394	-0.05095771890212526	4.441338301418016	-0.9894150703959915	-1.5613453099585768	1.4363350120377079	2.4378411919718355	1.732707947345136	0.16962129022162245	-1.0672002179491615	0.49285835038997994	-5.1931452179225435	3.9957470341909307
FPR3	Not-coupled	-	-	-	Formylpeptide receptors	classA	25.616751235217972	26.229820333888817	-39.17351035928173	23.461499485020845	-8.344662921678372	22.240942839218125	24.49671076188549	-4.542541103171055	14.91659326523975	22.94070405905994	-7.908504705274826	8.199190465305962	22.897444216573682	8.464458910108055	6.195717434954366	-3.6297958724601327	8.311020630190976	-8.828364360388651	8.091581142661813	-4.606218741577881	-11.660194790916826	8.149399462952926	2.2586601047201254	4.883766402992842	0.539227962962546	-2.2899720756666686	4.735762178307558	3.5343973691365096	1.3900216790519586	0.7231158480476122	-1.1382339511598898	1.9273151382675144	2.961023727522081	2.3207674850545907	-5.8747625623131885	8.678525406527424	2.3232701084949783	-0.1329192796669386	-3.851847854478412	3.615930993995458	-2.0842299584991544	6.773224935732189	2.191878192096548	6.774267164087582	1.4702088651360234	-2.4610953909169395	-3.6860107279487373	-7.487820371319145	0.8084678152274456	1.00100139872976	0.7149604291910916	-3.2882714788657412
S1PR2	Coupled	Not-coupled	-	-	Lysophospholipid (S1P) receptors	classA	-34.895610347207814	-63.4262602534575	12.317079678823086	25.548666313869973	-18.165239143982628	-15.459794564705343	11.6813486764998	9.934715182024448	7.764383042434298	-3.9957304836988783	-1.8751890766385206	13.22503929472628	-9.028143925708319	-0.36309500632405856	6.9481288825323695	11.09458517369006	-1.3290495913165825	-2.5827688326450864	3.982911818423032	-0.37479596644360597	-8.633284383470262	-3.6072029467111144	1.8042734415814228	8.819169316573758	3.7183186696816755	-4.861306661880324	6.290606760128474	-7.452235067029236	4.22741139819207	1.997738942857563	2.3188509423890724	-2.242914579429411	-1.197556413333139	0.931098113445437	0.6611879969885311	-1.3393484794926827	1.5079970818817638	-8.395950406020106	-0.7339431368094315	3.48750522607957	-2.2494006560928583	-4.572561720286815	-0.8818905095821729	-5.170857754627603	-4.233929165839305	-0.6612935866768632	-4.249224997807132	2.8791277046228174	3.294375480206899	-1.7398033586643273	1.6802813129059928	2.7860513584824953
LTB4R	Not-coupled	Not-coupled	Coupled	-	Leukotriene receptors	classA	-46.898278431273724	-57.6746253247058	8.153304743320575	-32.24787429220299	4.547594183704092	-5.886821184940553	15.902241724427158	-6.705121774763429	3.881390417115485	6.746845453277727	-24.37342428507955	6.220707586733354	13.958814386250681	5.181892848439028	5.112592061551847	4.392873589010481	-0.5806821882117821	4.068431527311004	8.417477251936724	-7.47974781279108	12.501822406960175	2.74389704079828	9.747222516869046	-1.4782778329925907	1.507013029155314	-0.06864580844533462	-1.9314005208216332	-1.7449943681338649	6.161225174601956	2.2757576690959644	0.15201078339931673	-2.777073910908557	-5.322485702613782	3.6387315269068154	-2.4554888240639454	3.752255157840873	-0.33218073497367623	0.9113850507850337	2.6196119437008307	-3.0581162821246295	-0.5125692623134438	-0.44000456462116905	1.287527929592858	-4.197754458656263	3.1553616869773715	-0.4070849837598743	-1.6592591581309573	1.3617363404662841	1.501408078088581	1.6611894987337812	-0.26085975212272366	-3.159559752878774
CCR5	Not-coupled	-	Coupled	-	Chemokine receptors	classA	-55.56554092718652	-61.876055271255495	5.949291109541015	-37.198104365954784	11.115575173523975	-10.27890092881863	12.598787480858848	-5.129673563379467	2.955851764508512	-7.571008183761649	-27.910867303095	10.287275470597855	13.666720232462506	3.6874177044201524	4.175454161705735	5.9424193511541255	3.3909013908187786	2.0795451455093494	13.183288067722396	-2.9307627889344037	9.113801685490177	2.2337745944635228	4.648803395220897	-1.9064302268578401	0.8240591902743164	0.6026385203538558	-0.4803832681870307	-1.0491646920128916	3.5883850650101627	2.8928514855613834	1.99567292233349	1.5511292735323057	2.644601312152088	-1.4716216900642112	-1.410140319849195	-1.2316137107108105	-2.60421744709035	-2.1573374236391203	1.670355101599671	-1.274051606533982	1.4690331779813004	-0.3287551650121763	1.0230546970638639	-2.1373784240268083	-0.3152234546433228	-1.3240923168152057	1.7672126881183476	3.5720529990950527	-2.5450621678954843	-5.043851424662022	-0.33704392173597947	-0.780824379326665
CXCR4	Not-coupled	-	Not-coupled	-	Chemokine receptors	classA	-12.385624389550621	24.854041305145028	-62.8435290803225	-37.95449600519765	-26.55717919959465	28.80093653706507	-13.257629776553499	-9.528092983794588	3.8252116585016096	-18.31102865946842	-4.243015313632353	8.832693505431447	5.826509560919339	-10.696630945150421	-21.73615322377379	4.735268187839381	-12.77176579766768	9.74229339910642	10.46312832739829	-0.11580386805809567	10.806667364605842	-3.821052653844368	-0.07811536645238032	1.4467004447706544	2.277626793220587	-4.798000858414344	5.285860402564802	10.14670897722928	-0.8509721741530771	-4.482779177754125	-1.2750016572772032	-11.490113167289017	5.8609413007087925	-2.443000622119982	-6.558560492097894	-9.10304178754037	1.1269628061811852	4.758872333045578	3.914362667918933	3.1612923375669184	4.674962866797597	3.7555171596333357	-5.681959409695272	3.4883117154460637	3.3708541717024554	0.49952171787742033	0.625715288690999	0.8728785276245307	5.012635166765257	1.3611694847781786	-3.9547648428335354	-1.7453519028027296
TAAR2	Not-coupled	-	-	-	Class A Orphans	classA	16.34925687559656	20.27934292650516	-42.94998033185782	19.20681087290981	-15.16079740966882	13.099786532825954	24.789409945066172	0.14744151806375333	17.889943512782725	25.474662965023448	-0.12365606524684318	5.475975628087839	15.367739515253508	13.121088785816196	2.0490303526575766	-2.0081089168491095	10.710228563116587	-9.354836150325552	-1.3085372512269597	-3.734366912034739	-13.377739146989448	5.645790237082673	4.104638735431622	9.59668917254273	-1.824322094356959	-7.283056809529723	3.844846741171902	6.854343138987738	1.3676370147665593	-0.7269174462177989	-1.5717478392279713	3.7486948977397736	1.6317644840963406	-0.21822381680458644	1.1177254358860038	0.3530441768372908	2.553698419932411	-2.065944037865204	-3.002569789522457	1.4866731152865904	1.6363250018521467	3.4306864498697367	5.983742241581863	9.831869474274733	-0.6418909923752717	-3.856944029875878	1.712898303507084	-8.460392919316954	2.1805252112710587	0.0900683914387308	1.0442531160680524	-3.9475488213979633
LPAR2	Not-coupled	Coupled	Coupled	-	Lysophospholipid (LPA) receptors	classA	-18.51292801866595	-65.41609957306619	15.966238822139912	-17.296289644604006	-19.331560085109217	39.01465349780765	-4.247223976934426	38.57179951612615	-22.56318500442285	-26.098316050333313	-10.56704772462251	-4.319139157799766	-9.911270131695689	-6.973411123194114	13.010136148912311	-6.2985628023617295	-1.9781463568274587	0.027403961292629002	-6.90826821075758	-5.423450274752728	-8.473125075905132	-10.865362095868438	7.975738582944014	1.2918868571971245	3.2519781558026	-5.875432959800156	-4.861602804847284	1.5357275416065879	-3.6066039112990715	5.440056367920908	-2.2735476906979546	7.330483655408955	-5.592446238945428	-3.0578744951322285	-8.502234065495239	0.9017360565701973	-11.184104085627943	-4.109914257114741	-3.0777328245315574	0.7443627744106454	-1.7106506078015467	6.260659571525915	1.0843999006922445	-2.8140286979814224	0.7896602443032904	-0.14599722569976434	-0.4189148377642039	2.443521869683995	-1.6121924567798402	-1.0159390950528555	-4.662472528539371	0.8671479703378195
FPR2	Not-coupled	Not-coupled	-	-	Leukotriene receptors	classA	-28.615151810763674	12.914529178863582	-45.90904508229362	-13.33361153096878	9.561630020793231	-1.2761377629510868	18.741928911111955	5.844148494472257	22.102202393740093	14.557236583179403	2.6953120689582137	0.11575153517476643	0.07328996621562502	-0.603649556486327	10.146174963490674	-1.805501223299197	-1.0052302996229243	8.336979033951653	-12.206047263031161	0.8047399351043715	-2.855928623886684	-3.0681567227848188	3.932562017057499	1.6397779055902086	0.030629711924489055	-2.4379583338216895	-0.666438912451161	-1.5856836622251311	7.732189605407579	9.455699147264745	0.6301517832005175	-6.1717016815133485	-5.193971501891263	1.480578991221107	1.17848965790935	7.320794912634007	4.834965128141679	14.123953806902053	-1.0371150043284605	-2.025944203331319	-0.7268560152022233	-4.28502324503164	-0.7362794129687298	-6.106103805326566	-10.03888335254721	2.3982956856175295	2.602040026402864	1.3202907610511168	-6.766262264590875	-2.6731908998773113	-9.151385781981153	4.075916511980201
MTNR1A	Not-coupled	Not-coupled	Coupled	-	Melatonin receptors	classA	-14.577982290443193	-66.4351867187648	13.674076317921493	-12.303240160856197	-22.480210665703154	40.386943242148625	-4.179853365414641	39.72333883978617	-21.268681015101972	-28.19169738205811	-9.471951278446545	-5.535034507854346	-9.94618190032031	-6.818344836437858	12.858747706775207	-4.761923255865547	1.1299872161264817	1.7599181643534172	-7.774408816281717	-3.6871056035482193	-10.382860560507078	-10.656711583732262	8.077228290095803	1.5463227258752859	0.7548361426762913	-4.867010013898555	-2.172614381753977	-1.3662499981142937	-4.907568711076419	6.458799489053607	-1.2903356205229761	7.345681378559338	-2.7021572215899554	-5.061527338522539	-10.620416800664763	-0.6126861193821671	-10.26135934109979	-4.453198474804526	-2.8601591687377246	0.7697395634478152	-2.5648907144471873	4.698426926771107	0.10312159556158575	-2.7030090521505405	-0.6440823717200143	-1.1739897339320295	-0.06146312089274328	2.9317125953749708	-1.3560854592309564	-0.8345329209094258	-5.687818624510833	2.263162792637874
FPR1	Not-coupled	Not-coupled	-	-	Formylpeptide receptors	classA	-57.32515084636188	-64.32866159972644	14.721831135183164	-29.94791841639239	-12.154017082521582	-10.332769304908723	15.404615639066904	-5.718989678331479	2.685367073228205	-3.075623145654805	-26.15410869566601	8.229371683199478	10.361741014793726	1.7364012579480823	1.2250433123074362	-0.05893761373713683	-4.3891772212712805	2.36290953670046	9.095853953309408	-3.606324598894332	9.690388461373267	2.1385105833536104	4.254471363947634	-0.4806971238439745	-0.9373113600792721	1.2418389401218912	-4.053307944010061	-0.6009271423051138	1.5217437714122892	0.9937433078457713	-0.6884631221846171	2.179863807790395	1.3585578096874102	3.292404178422215	2.6145659435607134	1.7035968454598793	-0.08871368838573862	-3.9207401244358273	0.1328522869981234	-0.9207791467027124	-1.267640093478733	-0.6139075045690134	1.6866546062466197	-0.6302071739426054	-2.136034128723445	-2.0129523832941714	-0.32865345139987046	0.45664982587376746	-1.1584169663402202	-0.6832259164475453	1.961737002378823	-5.240604093212961
CXCR1	Not-coupled	-	-	-	Chemokine receptors	classA	-15.68346135974217	-55.29861699320192	10.139605907357144	-8.930973115846943	-8.934169909424076	33.91519039254981	1.0395804079527413	38.888480847986415	-16.509307722865202	-20.52289702362713	-12.473833082847111	-0.030902506966193476	-5.845308941306485	-9.42897561452318	14.152855220767949	-3.8000424879324393	3.2424130129827584	-0.7035590765711283	-0.5724833579140931	-0.0564312030803209	-6.456481053951535	-8.090258882482944	7.800565161555286	4.632890836341949	1.7973921956815397	-8.201505669444407	-3.896218745268293	0.14754139658565477	-4.987167179463594	5.7945276074553975	-2.3280413164334752	0.9361934263189776	-0.69667692982883	0.7732005996724349	-6.741602424975069	0.6850665974650848	-3.8400920656450293	-2.929157055574648	-2.540367445063778	2.064027185060878	-1.0205763804819248	-0.4050091241181834	-0.8894267453590883	-4.420417245049621	1.0566328955914395	0.6887076922458066	-1.0442818876597497	-0.254718697483608	-2.1274990172337755	1.301976272611927	2.0262442650746606	0.5823683806135351
C5AR1	Not-coupled	-	Coupled	-	Complement peptide receptors	classA	-50.295513943695106	-57.69229364181117	3.7405546532583953	-31.740133906651906	16.436062651375668	-9.186994848737157	16.717483601917305	-6.3169486705866	1.2595284044574824	-3.227944408211358	-22.526226865129054	8.621059528199849	9.094184362413081	2.809287727922991	-0.18147231654381793	4.3822746530751	3.7450338308738025	1.1809041907167293	10.276777293382144	-2.990527903702448	5.498967226253267	1.1087867561004714	7.847577338044952	-6.999146442837771	-0.9316171956312457	0.34195314821558725	4.50271519450516	-1.1033574333886833	4.349563392632798	0.35486003397678767	-0.5339175224033381	1.8107921764008046	3.491709513115525	-3.1777937899874367	1.437209700395019	-0.7019202973565073	-1.433906186217366	2.077200301629796	-2.766650114443348	-4.528357912451613	0.5161055209296519	1.029950380502414	0.48461293131980193	-1.4583782801594438	-3.1353936929023276	0.1512544431951003	1.5320348534372261	2.3444998780548794	1.9571314814688836	-0.15749702056793263	1.7126295098260342	-2.572043000500564
ACKR4	-	-	-	-	NA	classA	-67.60422923046211	-44.14198354426362	-11.633255695977187	-26.337643935215613	-10.670524170306008	-25.45528160368454	11.620188811102599	18.320812005614695	9.79650167830543	15.913289031872523	-0.13784036883298015	-1.6132066329503434	2.5233529007473954	1.279072448614494	5.56276965245847	2.710373996253522	-1.3098616058087824	5.993247008316319	2.3797488964301703	2.916518598182165	0.2595814142927471	1.0550560420966353	-7.998181991807	3.5782043259266207	1.5336621124670673	2.4491903572040434	-0.40331709511001135	2.8208076810684832	-5.268901679046528	1.8241667881846786	2.778136121112268	2.7634352519895993	-4.94029935086945	0.3267258647755124	-5.2067346737950855	1.5465076069071682	1.7365773867452603	-0.3959159241096615	-3.422045983247471	4.289107951155691	-3.65872506785891	0.08369181107587627	-10.733649522513506	-2.6751348075498904	2.198930978471387	1.4370116797824757	0.6735914087184219	-0.12009281676390159	-1.854029402857391	2.7188514922761806	2.577342073999214	0.9760593376812002
GALR1	Not-coupled	Not-coupled	-	-	Galanin receptors	classA	-5.6825011745549965	23.18231899992476	-52.864717940272	4.9114438842989	12.250984527987693	21.757096639332513	19.732801360498133	11.89686959013155	22.638401607654494	-6.433409195551807	4.8093345352198495	-1.2403056960237957	-2.903877386132611	2.9994462326087037	3.307180240590452	-0.9793956501176652	-1.098405957602277	-0.9379037095889382	-12.472604321680263	-3.1193409965754273	4.5395175299960995	-1.7336664968221411	-1.044168005873887	4.3415109514300205	-4.130531869407914	-2.109270287027929	0.12434487958816627	0.2309891884109223	-1.3916385378273268	-1.0632578262403367	2.2312229995500856	3.9576374722576855	1.4947136995195782	-0.1715917584617574	-3.8588573988176655	-6.996753685191829	-0.41442812479861985	4.600362328085214	-3.654489525560091	-0.07680020650620874	-3.1683914081893843	-2.76212486235748	-2.929211474831243	-8.68907964785098	0.2666229907161271	7.146063346068417	4.279991145921979	1.5644690366543803	-5.44449555923935	2.343687392401927	-0.3397346186165268	0.7696117884501351
GPR21	Not-coupled	-	-	-	Class A Orphans	classA	-33.62763050786277	23.260936528471277	-27.29140025131305	-31.645832463992278	0.4999991554099931	22.878360853807365	7.5093023393692295	31.113902651323155	8.835439123023358	14.735946286745808	8.063811485534034	11.268935237865408	1.1215880420782147	-23.437431180550057	13.01703550647235	-11.720612649588618	-17.52620336859398	21.25973227668056	-4.271434496197773	2.140483800443562	-5.444170690180653	-10.738757247932266	-0.8187983573889389	-7.250284320492861	4.584305334233871	17.423197318313086	11.07782550146518	-3.913383791350821	12.75982171316708	-12.359247488923058	3.6634109983063547	-2.6239517913236927	4.706726940781924	7.1385560794932355	4.444440624609815	5.088138124711347	-6.898111772148976	0.9116043155259209	-2.3780457350653013	-1.6981431587147457	-2.2910483683765426	6.023103416791139	-2.40144631892787	-1.5414382317343225	4.6769040760502945	0.1530043567314528	-0.6575165743096877	-0.3634366895372327	-2.5782784578821487	-1.3684319711581436	1.709167190263522	-2.199995713121025
RHO	-	-	-	-	NA	classA	-31.43674275209161	19.265775683370265	-30.94417201866756	-21.768489065863122	4.243668530411428	19.427765194170664	14.378099561101104	29.867513934514434	14.47891159109522	8.798016949336661	8.078247005407848	6.874679129025573	-1.07293893423542	-19.683103320083237	14.0258586683204	-10.374647024901288	-14.073188405688938	15.245215173872745	-5.71074651342775	-0.18533406960888632	-1.9297150129711267	-5.982240166298601	-2.9281454371571436	-7.3725819734389555	3.3689858638704426	15.630774654471455	12.845048965664622	-2.7136409249844857	12.914698950350747	-5.642676244247872	3.103838843401756	-4.630211565207848	3.7429114994897903	2.6957652956721416	0.060953754183225864	1.7253276663164694	-1.5440020456603891	0.001565958245773873	-2.3792880228811133	-1.9076128952072027	-3.9759631076049624	6.132994740615127	-1.3818780741507097	-1.9515337523197163	3.397256511928165	-1.019065070294286	1.506566169722262	-0.07817062081570204	-2.7224356465690924	-2.7066517269496932	2.9995143227750956	-0.7838175294827546
OPN1SW	-	-	-	-	NA	classA	-23.108816588387985	26.642626647387857	-63.78724814820611	-40.88607492137623	-32.97116971842321	28.974668465795872	-3.2060028631189064	-8.87904301616164	2.7470856072899967	-8.034633577618937	-4.045509057189601	9.004638182605234	0.7322119825946044	-7.7041793993847145	-14.190655859978452	4.674490401979303	-8.716508835402232	7.833544831998986	1.2644313924954622	0.293744389545476	5.2189972740051624	-1.2554029845438357	0.3703169914143808	-1.7499657455218376	3.860627899129185	-7.375367411510011	7.320240866097095	11.088888273697933	0.7146511437027454	-6.879099997244614	0.1673525676942224	-7.512570662749993	5.859718070806408	-9.838402767493715	-2.7621039798747704	-14.053200238449056	1.2882348929553364	3.9876784310686286	1.2530814376329549	-1.8520190499672884	4.1243657981711195	2.579840213525937	-3.0234913427380024	-1.000327831196334	-1.9130903082776032	-0.8379557335739588	0.9431464064642011	-1.1223569797986743	-3.4331439511032333	-2.223962284029159	-1.2719883898044093	1.1914027977319146
TAAR9	-	-	-	-	NA	classA	70.1946403870116	21.26883245280969	-32.457050440467846	47.29751419463495	16.099877776223163	3.0566618401416656	25.294289752112395	-9.9436198226598	35.8099652951687	-2.672059235865181	3.4067281459863143	3.9637913201098915	13.16003709027796	5.75027877671915	-14.312446707008466	-13.155816727637054	1.333418777441004	-6.812068987802334	4.8348872184341465	-4.919657910559959	1.8863352552418455	5.04763164740964	-1.7521857302652306	-24.807319891459052	0.22803772685735146	5.730009587545502	5.571328403066152	5.817504320829784	-18.075439228597396	16.990734054424937	-3.128233987353699	-8.380752513502648	8.495639638545414	2.5707413937646835	-15.999487549784316	11.01231414027839	-10.712538475754052	10.397846237426025	3.868777419607143	2.9245013760247	-8.867726429043033	-1.8846511151350687	-3.1797445770096386	-0.9382705335987341	2.300348576256927	1.2380193311645196	0.7055122064233265	-1.3705770596008517	2.8456587140021234	-1.000004317818499	1.1855071100004406	6.246650923852891
GPR148	-	-	-	-	NA	classA	15.546942606014587	-63.74714145131094	27.60038904742954	29.93827929527021	-5.995601211846505	20.96575055609603	-5.039954615710379	-15.764183929125611	-5.5006329427864395	15.006333981473597	13.038063614934337	-0.9760381345781548	-1.314221927205991	2.101705306963708	4.812237706827969	5.969389300958306	5.607154753141287	-3.114914801938833	-5.918244608260226	-5.7266202015153915	4.0710936093754055	3.915109089065254	-10.718451277385002	2.7678960803257766	1.0679075991097622	-4.481102082851711	2.0984436106221938	-4.180365303879165	16.151273988558042	0.24256202872582946	-2.7914851190038887	-1.6702623304624358	3.7264114744307513	-11.104110049157875	-7.838440090622437	4.209687068648477	-3.370799227408312	2.349752709179106	11.440345577795371	7.922932856378052	2.1637040784248924	1.1557378894377361	-2.9046248710242084	-1.1159315770881872	5.8673832042579415	5.962606492682446	-6.184248984786882	-5.999194783583661	0.017160043656824955	0.6387843766466984	-0.8460172002556403	-7.559336951941057
GPR42	Not-coupled	-	-	-	Free fatty acid receptors	classA	-2.369226472774364	-45.60127780839235	12.88529544274004	6.1201025682279	28.209906903520324	18.56960870994506	-11.551673667397985	-9.483973803144625	4.1570645693768675	13.590135419894308	9.911725143761812	0.14027105874976484	-10.35357535614614	-9.216817299166246	3.2743427284788704	10.430837841374297	0.7719067607201962	-9.813663059014862	12.329977490725053	-12.393672167482283	-3.348192160204501	-3.159021019853244	-13.743551058454257	-1.3561550845151156	1.273054198403683	-9.541575558039954	16.557734541888383	-1.0974644635850201	-7.4882688793242025	3.110360227377775	-2.772951755103259	-2.6509040669408526	-5.933677095192087	3.664099537985052	-2.0945329726660926	0.3686658228911352	3.667702340982485	6.735944706150594	-2.5534887324010827	-1.333369525109797	-2.002130506703378	3.3009502368411487	-1.110718102374046	0.580849775065749	6.713323340120687	-2.488874206934136	-1.701114056949555	3.00455015150044	3.376432948355616	3.7215698727001016	5.244713298484714	0.29492744568331775
HCAR1	Not-coupled	-	-	-	Hydroxycarboxylic acid receptors	classA	16.01891677505798	-64.1364753517994	28.2511725749987	30.92043189703064	-5.929447971403689	20.648076361572123	-4.877645025502961	-16.165721162277215	-4.983743717559968	15.519100705793349	13.464807493449342	-1.1297804031840137	-1.6100795900591147	1.5438952980464486	5.185704445893538	5.8808215374773365	5.985749944676582	-3.225360941809743	-6.335878572334683	-5.747120364913955	4.7805798345333965	3.2885268943073602	-10.435822866551154	2.6534522224931445	0.6637269727842664	-4.642227719826497	2.4916441480171	-4.20652563274538	16.132547203925828	0.09318777655372186	-2.9703303018743106	-1.968535279014788	3.6194429127200687	-10.873149754602492	-8.001871119038684	4.2566368650059045	-2.8685083282042716	2.1346098590564235	11.6165544941326	7.909238841735668	2.312042156136709	0.8250264761453312	-3.0500301042669724	-1.0098512640315827	5.746549797413823	5.868562617559747	-6.295277111505043	-5.8915893717971635	-0.019880857409521207	0.8954801667055954	-1.1798105422160081	-6.921713948417947
FFAR3	Not-coupled	Not-coupled	Not-coupled	-	Free fatty acid receptors	classA	-16.853718698515465	-79.51757672206386	24.161057030330095	-8.473288074775509	20.71107475852126	14.055094543251178	-10.812334521053106	-19.03317933005692	-3.755288059892607	-8.484563863124551	6.877078298465869	0.20971041908216792	0.8416852803849938	-7.994040549116197	-1.427924616205528	-3.2522637985453517	-3.3665297793131814	-0.8497683231914192	-4.004050467546888	2.1707571210093564	-5.89147005105217	1.910516390023441	-5.187399186072213	3.01430876635385	1.0951796303423509	2.029956148415786	3.8853594338289894	1.9884321320163931	-1.6950970411895985	5.4974081525506175	1.8783941724031985	1.044216339625355	3.1054987012083	7.781447451318828	3.539440435075627	-0.7693201780706136	4.895211290083563	-3.4650095513377743	-0.4804101192284999	-1.327622673600249	1.6663638308077497	-3.0255288251875183	2.3249778324699037	0.09441615088565239	0.2554328009706275	1.6088227213349446	-2.6122707393273497	2.737976925687057	3.1986168690584242	-0.43154315844834584	-0.7044427320868226	-0.17185120690277267
CYSLTR2	Not-coupled	Not-coupled	Coupled	-	Leukotriene receptors	classA	28.337982833479447	84.61317825182189	53.353734980492575	21.364043438971827	36.35935984133081	37.55451323837676	38.046370574777235	-7.813463987452298	-21.420669116305024	6.175969396638186	-49.67333981310578	31.958590666162696	-22.18336288670451	27.227234162937993	-0.956937383989409	5.592326688758334	-12.594181017554158	18.517646614311076	2.5640611194622625	22.42870058822897	-9.822542976639344	6.849642983099493	-14.356707469838183	7.209876954532717	-14.781187020701648	-0.7486927569101157	-6.1681450833179285	-4.831019670559101	3.115072452154523	4.028981288900132	-17.043095304770752	-5.12435897135791	1.206113638922978	-0.8968266636940996	2.614928078518958	3.713901988239385	0.1608292123972543	2.566423469889589	-4.954971276984677	3.0005154885961662	1.1429786289742836	4.420742093963333	-0.9537843266134739	-5.24324256483931	2.8280806051632386	2.6196330972715587	-1.7265281536568169	-0.6241167657233849	-0.03782166959640971	-3.0040359614254495	-5.601092889940618	0.9765948115109517
GPRC5D	-	-	-	-	NA	classC	-21.540900176078964	21.362316174216044	-63.50986966675282	-45.50125176362375	-36.96170551565255	29.940718973997758	-4.952004583796558	-7.206135272317752	2.351717193852716	-6.784491715230509	-4.025929869041222	8.483049181072428	2.9860229019781386	-6.1315396260143284	-12.989361832750749	3.1998740816057722	-7.5568150000671555	9.015841199654714	0.881669110026468	0.7330330372001113	2.812855886420039	-2.487944866068853	1.3523158288533559	-1.3344629591210742	4.753681156859473	-6.455147293143126	5.460865900672952	10.454387992648707	-1.392431945118051	-5.94540986600699	-0.1078203968730274	-8.73237078648126	2.9840936850988538	-9.709194406534063	-2.076498543410804	-12.906798389663665	2.671065652024673	5.382271242923955	2.4972295588736713	0.7893007196160841	4.8318241071141435	-0.4131675892807265	-3.3430090370428527	-3.8802222461150584	-1.0978333809730414	-2.076669338647082	0.8607526532483211	-3.333576512607963	-4.268904264755396	-0.8601390506801504	-0.1609020254713304	0.9188735380785612
TAAR6	Coupled	-	-	-	NA	classA	-18.51137086173381	-83.14469657877851	22.51148388928121	-22.24452313290826	32.19625045991374	19.504107031304187	-15.693285335305847	-28.20302388286796	-2.4524926658988075	0.9913058863042181	8.496935087346348	2.7917567329330093	-1.0925437839950127	-4.560221948575386	3.997417733977503	4.840106570416255	-3.2965717480118317	3.333862028037991	0.2504900425198485	0.8288247890498158	-3.038426808084028	5.25405828647711	-4.7179475567998646	7.278942954104576	5.471821204699896	-0.798011426481589	-9.49424802164337	2.306780491506934	2.9950389113022142	-2.2954857940958195	5.100583167707192	-0.8647775003037002	-1.1668112895367075	3.7748648578866306	-0.5390981133852374	2.6500964751483838	-0.4861998257022727	-0.5827632649541125	1.8418997903537184	-4.1757542883813725	3.5713036229103707	2.937069386406037	3.012323993476032	-5.54043607740992	-3.142089599978541	-0.6858583763628345	1.6473724708136905	3.182980787466694	1.8344148494727228	-0.7118989491027681	-1.8580925510521435	-2.2455625772269503
LPAR6	Coupled	Not-coupled	-	-	Lysophospholipid (LPA) receptors	classA	-35.537784403688	-44.698916483328205	9.196523163789543	-5.212869329205164	16.145195626560586	-6.733306534214454	25.418368436105567	-7.946353293973969	0.5062020230709962	-5.470712459590365	-23.404891610349317	3.41284380221278	2.2243529505081447	7.939379428246223	-3.453960331101171	-2.781406753866329	2.2322638742670664	-2.074827138221729	1.2985692112868878	-4.106005289662009	7.573321202712829	-5.06682124115389	4.376436688402231	-9.880031618668285	-0.31698044289362937	0.38213420989113084	1.6619834979499737	-5.911977027292216	3.2788783978764315	0.19010053479786285	-0.08922536334795445	2.521311766916415	2.755207531131349	-4.819976571876582	3.7302666710540655	1.6443248207053218	-2.8771913399725406	3.5367506764226087	0.042059347900656685	-3.9260061449072188	-1.4494702375010198	12.151846721034614	-1.8393223837611927	2.1743831762921246	-0.8577484467136295	2.5405963982560396	1.7322477608866822	1.9054899486268393	-0.5467177416113052	0.4539226064749676	-3.718957248710443	-1.334803064618385
CCRL2	-	-	-	-	NA	classA	-5.299728781096359	24.89366334181135	-64.53151158034356	-32.26920124847895	-22.06375552818418	32.30774889101589	-13.423584509148156	-11.098495523861628	8.545324340840773	-24.599486135476234	-3.1162216837391576	6.603926011026003	2.150928383931205	-9.625364018720674	-24.739537222881978	8.59093700224078	-18.186521385469135	9.242824068081966	6.36162246598502	-3.656858728929565	14.322934510079365	-3.0670838208777345	-1.849013525239675	3.7430707187179553	5.809324186207377	-4.776879932430474	3.5879830837137163	8.545611808915485	-4.570513910119923	0.7044750732073071	-0.06130723612750087	-9.034040343396196	5.756592363910204	0.7558551663384826	-2.948322408381516	-9.451454014403572	-1.8469016996694032	4.811491461841058	2.9486329492368504	3.012824000622806	4.242642695633908	7.5153652388601415	-3.8565360083558726	5.066247701558698	1.9453974948071746	-0.0046907910692179115	-2.2438780456216	2.6700877351992407	3.0937945533490194	-0.1511015285020812	-7.162233087871655	-2.6399388866950875
TAAR3P	-	-	-	-	NA	classA	47.13227786563295	-21.465601317362516	8.681527289304618	32.907160594460805	-14.638675849482532	35.84828436428681	1.5906534409881916	44.78516342693225	-24.868460517278624	9.848385210361528	1.926886161223405	-17.50618628701459	5.72281408711429	9.413450571450989	-13.712453701624138	4.8525585289841535	11.807174502702432	-8.581036945549574	4.008395060453329	3.1370759929393603	1.4435002038771603	8.120291841974696	-0.3399356641170368	-8.056970035879738	-2.44486825413915	7.401801119963379	6.608779369955602	-1.7064663033704344	-2.4374184660301426	-0.4561590097302055	1.0312292652328812	-1.3657340769250645	1.8711526629121584	-1.3191648169953971	2.3987512243556215	-5.443146201800978	1.2447779686699034	2.4987702178693327	0.06879062558556347	-4.86795854217888	-2.8483840444339608	-0.7636063569315514	-2.4909872045519688	3.8496707795110385	-0.3333046489463808	0.7053638567745174	3.035744574994633	-0.9269249796893613	2.9147531771293425	1.371843681920617	1.369394735687173	-3.8433882931360657
MRGPRF	-	-	-	-	NA	classA	31.586971638236367	4.397395363422729	17.057303084902827	39.62580964642558	5.188331306931868	17.753489548155873	-0.701070299210538	9.796929837617531	22.807809109630522	42.34360419677085	21.876655265803556	11.922624579650746	-17.052704129944196	-24.778942065451623	-2.2874255787009585	5.176434328344678	-4.931181171336549	6.923206153710916	22.24846696588784	-8.702548297815193	9.889370328468663	-12.9007139519744	7.529562723679046	-2.948879933171364	-5.371815053736202	7.3256947605864555	-10.792672624184156	1.1594951841142618	-2.9246243679889523	-4.973761804706552	-6.4949343281302285	4.999436884421178	-7.245616704252935	-2.149441580630332	-1.8472894670105124	-1.4025652896228782	4.022007599956135	-2.672830482192258	-7.0013619986032065	5.135132057795574	-6.0509972021031375	3.2087361819110916	-3.3181786153667536	-0.6476867032410868	-5.0954542683243895	-0.9181542581734755	-0.6090244926156382	-1.529540664072927	-4.397078637493506	2.1429586701894245	-4.184694909401526	-1.8141224960452482
TBXA2R	Not-coupled	Not-coupled	-	-	Prostanoid receptors	classA	-50.47499285550432	-59.74901887267798	5.783453594116388	-28.718428607551658	11.688608134225568	-7.9217775913355695	21.215107617091345	-6.479130379301849	1.024849963499554	-0.383751374511198	-26.606672807852487	1.0733687049467218	8.280837165292121	7.942469171238456	3.8274950115131006	4.9787742320085915	3.2734569072053548	-0.680499393627178	7.931512732657902	-2.000060564228683	5.815934834268177	3.8804002156126525	-0.018898533891799973	-3.4911652616923634	1.1936959910300118	3.72462378552528	-0.9080452667564656	1.1880560362611972	5.797392547330258	2.8305870238568533	4.727973296549548	2.3373739021541615	1.2209826818810638	-0.7994028116817598	-0.46439600997134894	-0.28449189614832654	1.0672792185154447	4.6275983418439095	-2.1905890680879994	2.181952610902956	3.597162403907971	0.0663496976873315	-4.258203314827408	-2.66129267597141	-0.31353752372202315	2.491362806926309	-0.054313180271076296	0.7216687195942892	3.225973586718128	-4.610283323601825	2.107933043966406	2.9468340772627504
CXCR6	Not-coupled	-	-	-	Chemokine receptors	classA	18.035680774405456	-67.62129572194698	16.179563254569175	-6.551430887447258	23.98934519227244	22.168266344257912	-8.920134210180482	-47.818836264939	-0.3123532760481024	20.646567532484756	10.514601036754456	-1.0137203018294576	6.1034289702784985	2.6769173010844884	6.239906909018116	-2.997136431529879	6.2988412658687025	5.650801669974037	-23.134991544919863	17.46784764143618	9.339502159407	5.436236454812774	22.322091894931027	7.844436385098207	1.1350180028377896	7.266173372314653	7.242348166331102	-7.551528355734739	-9.485332785015858	2.108779541289963	2.011368604415984	-2.8423764103388725	-6.539726221871967	-7.143704732592536	-3.7067617549463834	-4.8736105585530005	5.2520970763781945	-0.3262727915459369	-1.4700524235969101	2.548992421370647	-4.4089187761415385	3.816319781189607	-4.4892163150891635	-0.9981343382595965	5.1462464364563285	-1.6587055073396157	-3.3627592189695203	0.14173430632779405	0.879778967500221	-0.31607114341412973	0.9643190863012372	-2.918941625449463
P2RY12	Not-coupled	Not-coupled	-	-	P2Y receptors	classA	-18.457780290531215	19.409321139129133	-64.13934618941167	-43.371602705948966	-36.35806690033319	29.824013010078843	-2.5911694350853405	-4.744319841060478	4.574550354132745	-9.456163780419487	-3.9862387078997226	8.46802243308599	2.983035292318795	-6.606046338663663	-13.53802526087365	4.747481362547161	-9.823511393473318	7.843569443891672	-0.8460752828759023	0.03678987685242178	4.367187732644598	-1.420121290500509	0.21658015728235933	0.09758945719211398	5.536909640696686	-6.770716769690897	5.004039703843632	11.055770416835221	-2.197992952770505	-6.120908752465558	-1.3951637751439088	-7.40712100205612	5.644220374132583	-9.948909564985007	-1.9287826466703728	-13.78012295625685	2.31777391252001	4.242362284975605	-1.0036342754000604	1.4599980602400142	5.750704701945425	-0.9212022810825466	-3.7491690533808373	-4.864413546603188	-1.368715522729282	-2.0787743598822783	-0.35788804806339997	-3.7955133978246467	-5.201865542055701	-1.9818306181413299	0.4035946521191569	-0.1456891094976369
TAAR8	-	-	-	-	NA	classA	4.090225269519771	-68.03797186971805	20.061057749980705	-7.606638114119578	31.14836604507774	22.806735842424825	-13.46899939282006	-29.331577703689618	-0.24356869163878567	6.236829216187287	9.260095303025956	3.918995484406923	-7.504325762337538	-5.119336747992127	5.146508162208397	2.4521466438775836	-5.248833493661073	1.6030043733393293	-5.162969426392854	0.22461504081422473	-3.950926189735214	2.2030031321181025	-0.17120739234440044	0.41762150942052495	1.8824228950210369	-2.003095255064311	-1.8448996619641225	-2.5607789180377827	1.8090124601945683	0.9245564992355116	2.2154305527945364	2.2024949200392725	-4.684097832274168	-3.667028610670674	8.385681551906012	0.3418232052235813	-3.1015554873384446	3.3152684335068714	4.342316153606071	0.6848842674561942	3.570032049876809	2.226516949716193	4.118921421554393	1.7755779065433512	4.121009171370415	-0.33705830061270275	3.5948770260596756	-2.8670542626212296	0.19023636040970773	-4.458578292192353	-0.2788870598953456	5.450233706149002
PTAFR	Not-coupled	Coupled	-	-	Platelet-activating factor receptor	classA	-42.27769959978309	-41.53221956138942	-25.591790937048213	-20.822157212649124	17.400106590310212	0.08866460445076643	6.331653911750883	16.686895480788433	4.986093088246907	-9.611438434879357	5.019616911893021	-3.447350694169231	-9.41585561794142	1.999240660773498	-7.752599273923257	3.8200561761753673	-2.4067616241477894	1.7204494577482374	-5.961541669833714	-5.173370701017664	-6.382018763356818	-7.246827121601282	-6.903758588153344	5.05631375612245	1.6763050217541058	7.774872684792699	1.083657972295191	2.262016606960269	-3.63462293470154	4.0212421712825615	-4.29806724102104	4.155427381504995	-1.2232128504605901	-5.073185635158917	1.1738145951114498	-0.29559635819119945	6.179177561687061	-0.9282853846798598	2.7923339616162917	1.3630839689818797	4.8860028728958245	-5.241160230203239	1.4623219129651566	2.7561500929444134	-0.6715877779400745	2.0569075378171444	3.062979377533196	-0.705459988740276	3.1711005174794793	0.7998558666618678	0.7862436184458307	1.596751850301008
MCHR2	Not-coupled	Coupled	-	-	Melanin-concentrating hormone receptors	classA	-11.108405284437055	-74.86938824547026	27.240185136056223	-8.650033968321686	33.62002625090263	16.940199353029335	-15.416789019728512	-20.78736157280015	0.8609618508965688	-8.219195862995193	14.128415982751617	8.010289186479705	-10.768813474381853	-11.687853412087588	-4.830400920005682	-0.8784995213287546	-3.3258726786660753	-2.975665024889066	5.285621578317536	5.6248543534178115	-4.137237730826119	1.659669297557291	-9.741381912728151	0.6624695569562654	-1.2451448421092177	0.6985609386860897	-2.3212904667020604	3.308404889452187	-6.788980393371575	-3.5284460365223547	-0.00524195473397386	4.902630156625129	-0.46871409412919357	6.225889703883585	6.597926718690405	-0.864169581017897	0.5195453128346766	-1.173523534277398	-2.9971327739297426	-5.088620858585091	-0.8909497821080862	3.2737772602723734	-2.6880328676902767	-5.56896534791597	0.4285819155086358	-3.584665383239076	3.8062323304256527	-2.6242688419097475	-0.8909690782242401	0.14562778381566122	-1.0198554366527035	-2.9735846249811333
P2RY10	-	Not-coupled	-	-	NA	classA	-14.12699981729684	23.98627051061985	-64.91948593871392	-51.94078574623576	-37.506845685376916	32.52879872414974	-16.61839385850989	-13.756422539317551	2.6758709441396653	-14.865465670302079	-7.878809407850196	13.549151218537098	-0.31660160076830385	-9.364308364881394	-18.27060012819168	8.185865286128056	-15.461701873532743	9.282692486172078	8.128810514501946	-1.679525912474472	10.440513909301727	-3.749325152265657	5.439049181593346	1.5986825411333578	4.407956679018004	-9.086626907078832	5.283619247344513	8.80662410488131	0.3852329311138323	-2.4847314960007365	-0.20810592141780984	-10.201224425127133	0.1922426953075535	-2.1176689711749255	-3.6527902156933907	-6.506795489542947	3.6807185728259038	4.165715191448948	4.889688193422228	3.8525266346480684	4.924500381605817	0.782509663418894	-4.963220082923399	-2.0658756836968335	1.8107058492085435	1.8937512161129384	1.2883919136204625	-2.193321344559788	4.554501651402363	-0.10057871722428854	0.5543497401698375	1.9630287601163987
TAAR1	Coupled	-	-	-	Trace amine receptor	classA	48.990065236864105	18.610348310638916	-54.084971601643154	27.130174488775317	88.83759400590804	22.422414349654144	0.9881406177327732	19.626183519670757	14.187289819708788	-48.72712470723324	8.439374830797773	5.2942853922834585	-5.691914771042613	23.122156908800815	-29.272888610561168	15.32880930517419	-4.6147894844838016	-6.606346384240219	0.6252951859943003	-1.3192582282017555	10.6172092558443	-3.3947181276383844	3.9819083713462056	4.7242287755442405	13.485376449548609	6.684946668169744	-14.48981575271568	-22.673335437859382	-6.45918045781402	-19.4096093148764	3.806889475253155	0.16958909855326035	-0.16082504964118224	8.251426119914484	10.264870722388231	2.063298102633375	-0.29339535644113374	6.690109637009935	0.8871084249830163	1.685064427012775	4.049578059557172	0.8609765447846387	5.62132710800898	-7.066473250604786	4.685234213465107	6.812022326558915	-10.602636077730358	-6.376096754524703	-8.661768258039759	3.2719756391131734	-2.817398171004307	-2.196584102603954
GPR160	-	-	-	-	NA	classA	23.77648603710926	-71.78818365285902	17.087885160653485	-10.016936429213365	31.8021570286444	30.591141614527753	-11.75405517817284	-42.61670695310016	2.6116653538096473	13.26177852821483	9.327671831402466	0.09324625590264375	9.491520756892118	3.00886095108835	8.357939298605464	-5.276729234106659	5.495011896747503	5.774630835574912	-21.637746025553206	18.93589184258536	8.131675633571723	3.5286462607876428	26.122012757380677	9.435067418762543	3.105351404771836	7.287788026708197	4.521490050317187	-7.2296846549586915	-9.626182618828825	2.0530128094564506	3.030431177735269	-5.01908322714054	-5.366062912194313	-5.052230670552836	-3.657644575845376	-6.362872344413462	1.3940808209571598	-0.4102737377094425	-2.3866232346649072	3.003583062215111	-3.9464387470424085	1.9724496645175875	-4.189464382530992	-0.8198592961914697	3.983169613171059	-2.241549038451696	-3.6355916801342767	-0.45120351151624744	3.3757766071569524	-1.954756544589347	4.6289434701370755	-1.4108708966570214
P2RY14	Not-coupled	Not-coupled	-	-	P2Y receptors	classA	-24.657278143636127	-74.92152808971167	14.25115180869211	-16.019995537701316	31.470847174328227	-0.9664684170031485	2.403763609675789	-5.585281337616779	-1.7084581537217203	-3.4826674215410147	-4.215557870231534	4.742318002768933	4.820168060482772	2.034872060491145	-5.561507415526589	1.8949731198387583	-4.736303239312775	-1.999450039008184	-4.738196310525702	-4.892624479205365	-3.3955158105012724	-7.993156282639962	7.894732907671696	5.821369311256471	2.2685779273552305	-2.305025655096317	8.614721446553833	10.910968629267321	-11.746003263155984	-2.580251242955206	-5.259273656434883	-0.6299752042905769	0.2858037647724061	11.19154030077192	-1.1894665414897985	3.770955848370665	0.4974381065164219	-0.15829640667023281	-0.37461959349598534	-5.025011822437548	2.8662703649374928	-5.313973089616109	-4.41175070968592	2.3405277028516633	-8.778717956823444	3.3373224812781683	-1.7915631284172389	-0.5419511084548506	-2.424152303946549	-4.999710191531071	1.1014813131578973	-0.17568402070550565
OXGR1	Not-coupled	Coupled	-	-	Oxoglutarate receptor	classA	-17.817532907301924	-69.19321140013324	15.322697860493223	-19.07938107389607	35.08947415735715	20.516601337156036	-9.087609826554223	-20.343638355304208	2.7299945848059126	5.959005088721751	14.155142283575673	5.282454899949094	-8.125562633057488	-1.7818117129261462	0.06825881105587189	6.340094722010173	1.6214836574591422	-4.588660940405687	0.49071620801837385	-5.0954759721250715	0.18730162172455628	-0.7034980602406417	-10.054931228507408	-2.2948956498487307	2.7542819361346296	-4.749043174655401	-3.500678292937287	4.01166102449852	7.785145021084874	-4.822847706584324	-1.17870014147939	5.5369316458973685	-3.2400668236669894	-3.0396552893868436	0.4388080156154954	-1.183613752321079	-5.522052868336173	-2.583464992712218	6.515779869562678	-1.7021760465831823	-0.047522733284413525	3.2073565478355213	-0.15823213833743008	-0.7253659778851412	1.130423869707395	1.9592012067049422	6.221852129396014	-1.585060281934326	-0.19544749577598847	-3.736361250829377	0.6761562217884389	3.664879754818146
GPR65	Coupled	-	Not-coupled	-	Class A Orphans	classA	-10.610312480555303	8.723703393081973	-34.53538164337331	12.558407854947072	1.0641204565554796	15.30456937701935	13.18255028174605	0.9523843028245168	28.5324786701574	3.055003309419128	10.534456641157277	8.228849650377008	-16.681926452628225	-3.5028380614076142	1.4665573140851507	9.293582690694029	-2.488196582601513	0.4759110583994135	-9.743286649911926	-2.5158670146672697	4.983444592548548	7.007316577175742	3.7983616313101325	-6.154748670769625	2.2137200789071803	-2.118827636347212	2.1097157647023246	6.448819162823026	2.8871233109030765	23.5864223730851	2.288085040866729	-4.873442182946443	5.250155977604951	-1.347302308517719	-9.469569535710272	-1.1839235571523261	3.7537484624552224	-3.157230917821682	0.4573944437626553	-3.418751986256553	-1.1414053708728256	1.0132008298466926	4.404083108616196	-1.8767415098382	-1.2201559514410614	3.9878567756510552	0.6701675004863663	4.62923319151094	2.89078235172087	-1.1618231773667949	9.119217092546949	9.008160861748188
GPR26	Coupled	-	-	-	Class A Orphans	classA	-19.78572301894838	-80.40591803624707	17.39014516678664	-24.912842975795577	25.535727364278692	14.826080762057451	-17.74611216630233	-17.26362579253194	-2.677266863836855	-0.8896881978848431	10.968465189313775	8.08134843842939	-0.8157159853757991	-6.194773375378787	1.5285493972471358	4.254823484212371	-5.723722395627561	1.4045363900527275	1.1478841862986722	1.1118482993771732	-7.795861132300216	4.349629975839548	-4.545296725162602	3.1939674942524996	4.382492979709698	3.3300722266404446	5.164111437929883	1.7254343773038268	-5.277713895201243	1.265328749941744	1.7266530521792158	1.7841096944644232	2.6083470847802848	5.161264911909941	4.639598786167156	-0.5546143053062665	1.0790697403629947	-4.451870024766227	-1.2769046662772958	-3.1286143985640895	0.34805962756084075	0.09875819437414467	0.04379881605999958	-0.011022163273535727	-3.337411221408422	0.012990649801146056	0.5586034143863442	0.26002968984137714	1.9394688573290657	-2.948757805811064	1.1975514265693135	-2.801769300846002
CYSLTR1	Not-coupled	Not-coupled	Coupled	-	Leukotriene receptors	classA	-21.768612154022037	-62.10519768823122	22.661863321958133	19.37788210572153	-26.589916782629036	10.880314215645322	9.566615771176375	37.32985230885161	3.7243891482455784	-31.124206731394818	-3.948157042761254	17.876849386216612	-9.791702161885013	-4.006755360464757	1.033552146699159	5.398944341359451	6.738978257978598	-8.426502207227434	2.9121851548540154	5.838483774025072	-5.4683511254333235	-3.4444278360739347	0.2860460292484533	1.970205951219785	2.7934070249606657	-3.9024538864941776	0.4831056747426626	3.6009182123712176	-2.3105697625280497	1.2183479352677864	-1.0519214713711784	-4.533421744458058	6.507673145689211	-4.564314199866071	4.653700442921034	-4.276029590433675	-9.91557391110208	-5.278003209569734	-8.272185710892275	7.288314541436701	-0.15644160754290676	-4.765415035591068	-2.3386657273622493	5.727825875249469	-0.15546351328359206	-9.682978875772898	-0.3546806494130724	0.2985788767761445	1.561365198266935	-0.2511441525629247	2.8259304213007255	-2.713001168978634
C5AR2	Not-coupled	-	-	-	Complement peptide receptors	classA	-14.04195874591239	18.806369657191667	-54.81052686008813	-31.508721056873355	-38.77960866222933	26.43980719563797	-3.5085831851364144	-11.597610570723452	10.10663802812935	-16.660699942249263	-6.3374220024782	10.258086597731602	-4.415485909907413	-6.3625647880093705	-21.633181202301767	6.943857589191427	-14.415250137956132	6.257780228123177	1.7764157694722342	-1.5298234515853566	8.552052511837648	-3.386728785611943	-3.174069541424944	-0.7027761998109199	-0.31251655451015936	-8.024657523957783	2.9681643498921675	11.960195103040185	-3.1504227472121626	-0.6712693477392156	-0.8114100428478412	-7.639225705146988	1.6397540091429026	-4.383308631585057	-0.4991818671812857	-9.829331687403993	4.034837798857888	5.756972124794041	5.206611291324347	-0.12356554333843453	2.6894494143964374	1.1530201966330562	-3.4266833266036194	1.5252409861623997	3.8648015548071797	-1.0442268259964562	-1.144014860683949	-3.601437297943608	0.9503323566080245	0.7087653802411509	0.009203670560474858	-1.4652263708131976
TAAR5	-	-	-	-	NA	classA	28.223313247048807	-38.257921096673456	-1.9672727576364268	6.776968578113548	52.507885884434344	18.04169903024086	0.45311537492489345	-16.559434088886597	7.694882512353161	-4.94445886863408	3.4797555575066617	4.235933711236627	-11.006533236225808	0.8988566762523584	-9.45261372520232	5.362912099039419	-4.008381896568702	-1.086271750301294	-6.184953203604968	-1.3994884700135497	8.075650961105886	-8.786220428020677	13.272319784135334	-1.0619731555490843	11.266708002789564	1.153446941466033	-2.3450664644767047	-3.526380307375483	-3.1126773275510797	0.27141558075282035	-5.281146798272035	-0.6194745514962184	-6.6298093852171025	-10.316712682845536	-3.7124778219094887	5.525844935170017	-1.9445555274862496	4.420149373156958	-5.052056514742006	-5.886019090353132	7.04477782574256	5.660589380966659	8.14155255273074	-1.7874298542659448	-0.26735687381287804	-2.744397337457916	-0.08423403569472691	-6.458677899212236	-1.7793404621361155	-3.535153100001645	3.4536607180060512	6.068388912274608
GPR82	-	-	-	-	NA	classA	40.76962532119666	-14.730010744048439	28.863997008049484	86.86241305003814	6.733752178751822	-5.085133855442469	17.2947166961606	-5.834430774882552	11.12160843533323	-33.58253529878267	-14.072480149450696	10.083274748227101	4.814800757029048	2.2433046422779275	-25.40308262656625	-6.011665541963345	-13.538250204667339	3.8106184058714083	5.453676475651514	4.71759681162691	11.195442677000635	-7.463598683266191	3.714489721432895	-5.384047348556057	-0.5955378361696443	5.209187398158661	-1.4715878178269781	-11.555701123153657	-7.599104844070814	-14.33203386123254	-4.522811047731006	-10.156368826798312	8.556684817693617	-8.884022266584585	7.632646925232113	5.327565825071797	-9.210282656062743	6.700530145604677	-3.646722956372637	-0.9157636198951726	-1.8544534303091031	-1.9532267725793173	3.6385367255727608	3.9743750881026205	-1.8796634584023721	-8.751258532778987	-0.4888347145803805	-0.7943581770671178	-4.366022586356956	3.32312502526489	4.0812511219550895	3.6628047818985756
ACKR1	-	-	-	-	NA	classA	26.588166870350605	14.365562245533162	35.661448075386204	15.174845184134478	10.439727807088477	0.7852420051698584	3.6801996025024457	23.860174153352144	30.896818491520744	19.413784142484833	-4.559440164225421	11.493331037740454	-22.023270701625194	22.49039845282435	4.147333374758278	17.789141275608948	6.754673583495861	10.56507726326043	-8.696538286161367	7.683139542624634	0.7083526447538717	-23.466129630970784	16.510138319351356	17.014716215331187	-21.90856999323504	12.067312838598822	5.946162180077531	11.096665393606905	1.3041600949132504	-9.690902977591971	6.130773125323528	5.068054451063476	-9.334921508328822	-8.032831700808119	-7.873066945978039	8.785404420599239	-10.026861877904116	11.812083536042044	-0.4924556075366991	-4.73967066284595	8.923310717308004	-12.116902660482747	8.452742688956377	9.303786618275119	0.6157601145791938	-4.067429677244808	-1.0380935556262767	7.263819209303365	-6.1834965878018	2.5943903281160487	6.002290234718871	2.082148780514495
GPR157	-	-	-	-	NA	classB	6.233560274689655	20.750398713829814	-59.36709272592971	13.486842024251615	-2.284955892948071	27.53622437922612	19.926749266140547	-2.8237818640866523	23.782204540411687	-9.834805542485713	2.116621357637819	8.789006684016947	-5.860571641909891	4.458964983348078	-0.1118475083891917	11.493181514173134	2.237291270228915	-4.7941175650152426	-5.418639665294812	-7.770392322428636	-3.3958044700026715	6.45782573983494	-3.977930894536234	7.272290723218211	-4.540229557914484	-1.5034025033252325	-2.5862986949738382	-1.4145300933839589	2.422826275180692	3.964340632917481	5.055363122103926	7.1530500050533	3.1281539324593357	-0.3563930994562491	9.269422978448164	-9.160832864877687	0.8913964837980879	-1.4765059799803195	-1.3077566425007117	-0.8966841503213648	-4.988930506041444	1.8400964514269627	4.7531216420805755	-5.33447550798717	-3.3475407435858173	3.072421475179134	-3.352866840642856	6.583802747249268	-4.064527404900719	-0.9717087300225139	-1.6941373101934316	4.468345656285745
GPR119	Coupled	Coupled	-	-	GPR18, GPR55 and GPR119	classA	20.077508964942346	26.082499602662914	-52.3045896756875	11.940484785649273	-10.362528491767161	29.400115695400974	24.562149471712566	-6.288686801219325	17.98637847460143	13.045347439642239	-1.4859252306375288	1.5208312783540232	27.16026906811369	5.238675486514911	2.291333647310191	-13.633122328879136	3.8457967637383024	0.41906859380211253	-1.4354540278887318	-0.8043160573937159	-6.172867687817826	2.361650313017911	-2.3150526645288014	-0.2736599168630796	-2.2651367939912705	-0.3125400907913135	-2.122641696143338	8.2361180242771	-0.8046811868617432	-3.746983892068362	2.594206185101698	2.692381260900144	1.7016471121024548	-0.0744342569037169	-5.220610708748958	2.832527193245606	-1.6012532207008632	-2.3614791161044457	0.39153203193932756	-1.2820453158360179	0.5687339702715382	-2.2697812057413023	2.4888208441891795	-5.478233706339579	2.7936892532867907	0.0726831471763521	-1.6757598032942636	6.627668297762115	-0.10120130334371634	1.3757588548813215	1.4299526752704952	-3.174999061465344
GPR12	Coupled	-	-	-	Class A Orphans	classA	-24.327398221653795	-61.9244311816258	-2.638456570181338	-18.914066847851934	33.523138630421144	3.7349734284186393	6.953158788847715	-0.4930012721554026	0.15998001826604177	-6.6374233599662595	-2.0755694306121897	2.5429240891708123	-4.4632242972797584	4.28529106991083	-10.08401548201526	8.121748305037089	-4.9959452365786365	-3.9496916602077317	-9.204450839070642	-4.982772905453206	-3.769411998783666	-7.5620373803170535	5.948216565822435	6.344592878455423	7.381789068408559	6.7552733536864285	9.825330760077659	5.661691063450794	-6.090858338992469	2.926693216222522	-4.32817739031515	5.092756746512272	-3.512076669634044	9.122872268846729	1.396772700342157	-1.0069731657041212	5.654039460609769	-0.9120538164014728	-4.543857181909231	-5.460122863021993	4.015153632596966	-2.9794375852394177	-4.052626591945936	-0.27396429780730897	-3.8256001101052735	1.80107546974253	-2.919717438172991	-1.6262832430662018	-0.039443038744942045	-1.289278942958755	-4.799912772183203	-0.5122898428243876
SUCNR1	Not-coupled	-	-	-	Succinate receptor	classA	-3.9529271705641755	-60.448096048904844	15.124229065730505	-12.588877179278304	-6.424880574409306	45.29055492260667	4.415751810719873	36.317486868962085	-18.305566983856668	-30.173149936216916	-7.873708666281721	-6.386148582924836	-8.703399532079516	-10.497815849876881	10.250055652092303	-12.481157367546844	-0.9126101961391367	-6.051229476597406	-10.91183479352788	2.602841749187696	2.1194759654077413	-11.655363694740359	7.092498409862882	-0.17074237808265635	4.042465540305419	-5.016696322006458	-0.5364683442102582	5.429707627794095	-4.340678803865429	-1.3211166630657143	-4.254172800041683	4.2930065361334835	-4.463496114074282	-0.19592817661715634	-8.908929024616034	1.9459144934459496	-6.856382640630281	-5.851224496664415	-6.363609949515293	1.6418122856109865	3.2888453314784756	6.8187182933052854	-0.49187870934913663	-3.660808167642599	3.9564503644800992	-0.41708800484062564	-3.7656900920649643	0.7909750948195804	2.8287675884949577	0.539248071777198	0.9327642789097228	0.49300038911113053
GPR33	Not-coupled	-	-	-	Class A Orphans	classA	-2.4016925760271186	-37.436952747382485	-21.321372346218666	35.6805776120507	7.806672013612861	2.605027245382801	19.701636745816575	4.292168072103459	9.179862692252295	-18.81780563994661	4.774236564570446	4.875791491128009	-4.0820399494662505	12.900115203656478	-21.379794861483795	7.607865578277396	-3.1383409238288364	-7.658699657193595	-8.313430757025332	-7.590949679008232	-4.9106639957824925	-2.1326088690326195	-0.917713624369609	-9.239553766989147	6.027970060404693	7.698078054276858	-1.3684653340622774	-4.609424077217456	-1.0759371079660596	-2.2334005408971853	2.1660389683797368	9.588366634764302	4.651243852712133	-9.7156654926509	-3.841054034645474	2.6403576720018407	0.07219789413365595	3.2528624655581795	-5.196490164100762	-4.115788497407004	-5.560632764072689	8.814661575786488	-1.0809986294930025	6.839151566506949	-1.9807900596503398	-1.301574528880178	-0.358263769607701	-3.0918481406460523	-2.4638106065655836	-2.0403722581500228	1.427892694864102	10.033673680127068
GPR146	-	-	-	-	NA	classA	-61.46168694290297	-65.27604355669868	-5.8354251079935775	-14.058450789184237	-25.797324193787603	-19.79036275693519	14.633058966855419	-0.532410232390822	4.1723115976156935	-1.734652074195663	-5.356876304971708	-1.5492288244771797	9.843003131178502	1.6764506047683876	-11.9742852805194	-2.563831108792413	0.7975908922331539	10.71811673538654	-2.267828773512375	3.831681819419791	-7.763172640701534	-9.739924020977202	-11.847789494311831	1.5472017006361332	6.298677535857686	12.808405435587735	-8.319746016996886	4.177509092163283	-5.335456188256418	0.7005814781104397	2.4679428475742085	-0.444993903228541	-1.6792562124533095	-7.066590718415366	-5.456716121611084	-0.32334118264359407	13.601215112287123	-2.4700910378347585	-1.097025425057362	1.4300571320690614	-1.5011153234452117	1.0510701330282215	2.3463372109025893	2.957193572336214	-3.9593266551532205	-4.229176785933387	-1.6681072406824222	2.212411227131292	-1.7717588512750115	-1.3351534883874978	-0.5155849145211368	-3.5701825481455685
NPBWR2	Not-coupled	-	-	-	Neuropeptide W/neuropeptide B receptors	classA	-13.0936199391668	-64.88921966931686	19.647261665956282	-16.78693340043972	35.39262980838037	27.993177511435988	-14.544294439303403	-16.90176443957227	5.68952759462641	-0.869760450034011	12.212962004322012	10.680892591573855	-15.150765711650044	-9.328170389371577	0.9349260252850631	6.024967046131559	0.5857796927500784	-5.367884857265473	4.967805593207287	2.752745999586806	-4.427795520661992	3.4721798505309325	-12.26493648343239	0.7263215034474035	1.7676967741215066	0.24010441503515392	1.1238972750341139	1.9908680772121554	-5.8799635157368515	-2.2924252529336773	-0.47155512413449213	3.6134617230707744	-3.205341566998725	5.136977072100883	6.119839602325703	-0.23051771179879538	1.5925613914313579	1.9907740937808265	-1.6184892377711926	-3.5181356621891555	0.03606180275678066	4.719261845848513	-1.4647268470998192	-2.3286349429160955	3.630260067579175	-0.9985825452038649	0.5213689812749892	-3.2741876645935317	-1.8539973388505078	1.342400354309484	-1.4356707039801866	-4.166941064310857
GPR174	-	Coupled	-	-	NA	classA	-41.38196450665613	-66.6738216992355	12.229938494577068	-12.399701185528821	-3.75898971840544	-4.621993320001562	21.769447094019366	-11.590546848807115	-1.031488664078451	-3.839281352674018	-24.735775503196912	2.4191808893451756	7.043747152766306	8.357419070834847	-0.5191071727536357	2.650045258102894	-4.00164468922996	-2.8089492645276724	-0.894491413046694	-2.0645298521403683	11.174344228113606	8.423625859998866	2.048389202301098	-4.907939469271492	-0.7666694424703139	3.409481646698106	-1.2309639010775515	1.4852535534339009	2.7669504996529715	0.08943281858773865	3.4419035142805554	1.051074701850847	-0.5695764163634415	4.786673823283533	4.0295778170943155	2.650003507022933	4.023773496330288	1.3764795137282912	-4.675453120016807	-2.0313798090387003	-1.1740058644756	-2.8369610722383585	0.13381254808386703	-2.984951191728587	3.1844083922427466	2.374081388114565	0.9873054898998921	-3.217751638357302	0.21587739625252225	0.8156077717360438	-2.714307748095311	-2.504238978659661
XCR1	Not-coupled	-	-	-	Chemokine receptors	classA	38.92871192625497	17.327800135886683	-55.672904729769684	14.629540257070076	4.987313521222875	32.392097678278645	10.122053111338843	-13.930899908396254	14.148570375956929	5.240259566916639	4.306631581356025	-7.242987784111634	25.276102353938732	4.263083133908998	-10.661352458169821	-11.83112653562308	-7.075215047299227	2.749724749033754	7.050663320549275	-5.074030858085869	-0.9584529706330255	9.283839417996624	-4.50168803342525	-4.30831484987118	0.7440460492615588	0.4350081732249048	-5.515823205489276	-2.420473804305428	-11.801044282433299	1.0868744533925458	0.6138964273256636	4.362305011218179	-3.5505427848920785	0.8345135010433644	-1.6296915729086652	2.865961733422911	-7.550599789990274	-8.577988009378078	-0.6807521807389556	-3.329871323400271	4.736186701556534	-7.158548562603024	-0.9510861124636167	2.946196036505924	9.693052312578809	-2.899326231983465	-1.1687157049147086	4.840696855849552	0.6442993123219076	-2.205235457711706	-4.375995321015709	4.923179561127723
MC4R	Coupled	Coupled	Coupled	-	Melanocortin receptors	classA	4.073627437546153	8.112037814561534	-59.26656045888296	-9.028573315606549	-35.338900088460996	22.828985289593575	4.991291770829644	-7.200506872394801	18.12931411148487	12.293776618771984	4.51777697424079	4.920227728158754	14.927239521581233	1.0309689478252673	-3.6666539166763967	7.648218688865393	-9.686248044848504	8.38907573028518	-6.246386187866028	-11.677468724285188	-13.766657219556729	0.7676250631208112	4.543727678970449	12.27840874424017	0.6771080735016342	-8.695908777367961	-5.2758559357956925	1.8984034634948723	-5.942708223665514	9.412184127214369	-0.9277021461716086	1.7213894017144382	-1.6487602391511402	-7.291606551029787	14.605551377547776	-0.09042633974244689	-10.83454360435136	-2.972909825178384	3.7359747743928238	3.4852741031450627	-8.794206864175338	-2.341091824324719	3.109091590049776	-3.853872406441691	-6.260033184081984	1.1559025071094389	3.2322457205889976	3.7402553756736454	-0.20269640244258924	-3.131156415995839	5.949531242815644	-4.207460760710704
ADORA2B	Coupled	Coupled	Not-coupled	-	Adenosine receptors	classA	-15.459457404611083	-62.413371712536176	8.486651071942978	-14.310443962743657	38.00518552382301	22.130621581415053	-8.761563301246756	-16.05735683005251	3.774402456411724	-13.075941882856078	14.41330906786759	0.9042698116953577	-21.675623780681732	-7.024908222599251	-1.3081868200349502	2.5757882747233576	-4.11543121401563	-6.232585165485694	-2.311872696832944	0.17863762908081948	-5.115355285563004	3.7351335013310263	-11.80478385590694	-7.081019325103651	4.778195144577783	2.156667037736711	-3.283147134964365	0.7341699366915375	0.4513917760407528	0.3497622918113588	3.392768033569241	6.450528050907924	-1.990334327838718	1.9613538797887253	6.3336039196603755	1.5674120928386943	0.5843591200068803	1.486595645244933	-4.203102354478024	0.17051982048189052	3.8890356671767043	6.319042410984676	2.5626430285060544	-6.847286683854925	5.801538466403818	0.22277834913584174	-1.6818315571077211	3.79915743527629	7.728567855098412	1.3916914302889194	2.4394959819176596	-0.9176672574972384
GPR18	Not-coupled	-	-	-	GPR18, GPR55 and GPR119	classA	59.15032005894881	-26.050582832293006	29.044878873386825	24.142811305911874	-31.74332106632388	54.51059707281877	-6.831461892663904	49.219561093051915	-35.41780273889593	23.841325676885248	-5.395712348480352	-23.78279941704406	-0.6723091141751146	5.537344361755722	-10.092280635333475	5.362448990263191	1.2111918094010623	-0.10654344699872619	0.15461184241032247	0.48115622936835956	5.482173771150006	10.49519695436591	3.9843712109652185	-7.504585517753034	-1.6166451847243661	2.0763380730936407	2.2835384192535115	1.1069686839038713	0.06686472393737831	-0.9671531967176489	0.6501990051012821	-3.41115670763149	-1.545329811599553	0.27084417273065636	7.253284572933339	1.416973226227535	8.141940997029383	3.3645088187473973	3.247310825957411	-3.1543342729574086	-2.257995605720843	-4.690792635715681	1.9181776022790002	-0.6231013445885377	-2.6257996038630163	-0.6861196397679188	2.944625993897679	-0.22725534329244484	-1.2990606708138777	-4.00544152244777	0.23030398984072223	-0.10839996152156041
MRGPRX2	Not-coupled	Coupled	-	-	Class A Orphans	classA	13.357398945158055	-63.59750546488373	21.638363820172785	16.0091431902395	2.2752166183948583	21.328085546006417	-5.855339759094971	-17.273015682166548	2.707581413763055	25.812763080798366	18.66375314228498	1.101889612668617	-3.3482958727296466	-0.07221197371076635	6.309042018885439	9.281588808552815	-0.351397636671529	2.3010191517151037	-1.935449410811109	-6.239039017336023	-0.8252762324589119	2.9338938141526456	-9.56314894206784	0.7095698771079525	1.193139657346577	-2.115781849100327	-2.095964620487101	0.4696738321562134	13.172316794632463	-1.22848437946457	-4.956217281231201	-2.0839179055034136	1.6077329860727598	-6.444455962451556	-9.4818362534232	5.534099993146859	-1.139220122882193	0.78763097257202	9.348457987412566	5.625440229499508	0.3313669545355208	-1.2756613739805045	-3.7365523869080395	-4.534888291748268	1.169374321699683	8.302917930579067	-5.898023598239793	-5.852057057779142	-1.8655192989245453	-2.5165402662445215	3.3256078119664108	-1.9496463955247167
FFAR2	Not-coupled	Coupled	Not-coupled	-	Free fatty acid receptors	classA	16.67371009895928	11.676811590740337	-41.7003795107273	32.38475597574285	-30.42335358979136	17.095090016397457	32.51016171648569	-8.402403716526704	25.288637927886892	12.191624656765422	1.9127441380662231	6.340750974189879	24.46213327100548	6.72583454139563	-0.13306099547880343	-10.983098982399497	9.483966680075163	-0.038276138366730876	-2.583010155847972	0.061544116485312786	-6.319320791561931	4.448703370450816	-4.948165967199642	-0.871969467340961	-3.6415807394211384	0.6372198513798509	-2.9813658052499328	6.642390308542497	0.008468097111178133	-2.906959958408058	0.5029408719885672	3.943854674407988	4.032488635993425	-1.4155512013938516	-5.499657101171504	-0.6601375557624884	-1.255621120122209	-0.24141328226751127	0.005189766617762716	-0.5678697189231461	-0.416170723211918	-3.1716256779272816	1.9325758713232652	-1.530601454083111	4.030314748035743	-1.1878654795721633	-3.9417189877576253	4.708569679372053	-0.6408721721984324	1.0905150098839853	1.7144839103042226	-1.8010542362326813
GPR3	Coupled	-	-	-	Class A Orphans	classA	9.019204818708097	0.19031261386871476	-14.189056437281545	67.86179112908827	-37.72829587764798	10.809859152624483	28.34125064909671	7.942932833444859	26.342619207337627	-24.881268922196526	4.646854674369963	14.415947849029953	-13.25231092250041	5.367822473134147	-4.25844306673377	5.190865764125231	-9.69925749812483	-5.988966327978142	-14.352775058177677	-1.9907483651098279	4.576092043314286	-2.831216035021929	-4.9278213845800325	7.366053202968143	5.880988557094615	0.9584665948010255	-1.8073202493438545	-5.351735924328759	1.0469889437820412	-7.619133448751229	1.6862077050160407	1.0498552623360171	4.909668721328417	1.2504151540387134	8.414227851695077	-4.578901329963147	-3.2014391704098215	-5.298337231654671	-2.0767701185835206	-5.163181049472256	1.8235036399901297	6.031114222408662	8.447530245104025	-0.8797928956506488	3.3665343685390963	-0.30454558331651116	2.580705047698435	4.011388594566157	-5.876323186139861	-0.731061605184073	5.634387256079676	4.705115306922701
GPBAR1	Coupled	-	Not-coupled	-	Bile acid receptor	classA	-29.602951815514484	-93.70641417451779	36.57882307507351	-5.167289222660395	1.4730602813278082	-1.7563590036223922	-5.50689320644211	-15.448678525372904	9.182017747848029	7.66794479983677	14.921096631787517	16.40608581238669	-5.78890571555932	-5.184783432591104	-3.2232352143361767	5.406226728871155	-0.33092622602518185	-1.2328556680931295	-3.1759574974538154	-0.8984640636418624	-5.868338691510109	-3.8341126401811048	-5.48006721800599	6.333367918996108	7.124060645845537	-1.1994853847866236	6.783334953686739	17.051368652533384	-8.913502036002981	-4.145737450976026	-8.279379087180626	1.7097578462383138	0.626199935623222	10.584294467124847	1.4262136015143383	6.871240525974999	-0.3162778525671866	-5.962582309088169	4.217600156971601	-7.489391299123198	-0.9705339064175558	0.26149059186034335	-4.368380018098685	0.5070271941775277	-10.538306530653413	-3.486134530087731	-2.149134163036182	3.0924871567690895	-7.460117404264642	-1.8649526064270971	-2.6963010750265024	1.4958980808125037
P2RY6	Not-coupled	Coupled	-	-	P2Y receptors	classA	-39.06244939530527	-14.583662335666004	0.29202785722462665	-27.931752405493025	13.976854654709848	-6.042987834680886	21.332014117479233	16.90952770680194	24.097226891052298	18.926450038754318	1.105618529280108	5.460861378446589	-3.5734012178639842	-7.366079945826571	1.9413726595489535	-6.629983351668918	7.063537320020035	6.867378891674771	4.732908278532198	17.57141910850629	29.001652200337798	5.219754737346454	-11.876326740155433	9.536333387143637	1.3429386720835634	2.988696560336807	0.31186629839759816	9.833399273978582	-13.216733289993408	-0.2874824523417323	0.941446971713558	13.478557982771193	3.2356679878894794	0.8107963820759152	1.8084810566573029	3.463852101072387	0.12940023397835854	-6.3505852926066595	11.721815107039795	-1.4262403666150107	-2.0080338423953386	4.226502353827004	-3.951863889698137	-1.5255996101033087	-2.153134710401395	1.786456551041877	-3.9660559318847968	-0.3564662394883883	0.010043949600580816	-3.9432773826953817	-1.2494911923097403	-1.2373706962700497
GNRHR	Not-coupled	Coupled	Not-coupled	-	Gonadotrophin-releasing hormone receptors	classA	-57.83712285305513	-67.45645517838635	-8.372641781410856	-11.233503588440025	-24.911946868237273	-16.165745639233887	13.764760722135327	2.1714090667611314	9.677547309525798	-1.9698166103972579	-3.415187138930582	6.104793822444804	1.4875687595507754	3.021071359593471	-10.712470556627403	1.4189988492363947	-0.8998816108564794	8.127090327839584	-3.1652523772217385	1.8847639637838496	-12.593434843616867	-11.552706307646844	-4.167846661346581	-2.1567899648112103	7.053294998504028	7.479098305861705	-10.09699970872125	2.506922007646226	-9.15520528643315	-2.087464708182386	2.559367808220759	-1.8516079988341836	-3.543642180011861	-6.542039973042517	-2.2781943546134045	3.069262062678825	13.914584975702782	-2.894837344652676	1.2002012780872162	-0.12991415901227987	-0.4797957270141542	-0.9024969281199631	4.101017146957318	2.9699585814215688	-1.5654273567158385	-3.4728541656881835	-0.5363979070894612	0.6100886086036681	2.0505584246133055	-4.424362281516401	-1.6480529207294037	-2.904942143830172
NPBWR1	Not-coupled	Not-coupled	-	-	Neuropeptide W/neuropeptide B receptors	classA	2.5436029691189432	7.605027341721061	-59.450784419789535	-5.5882630586510516	-28.431569149378237	17.019127138420554	19.002556260212923	-4.312377030132215	17.06810675822907	25.288467972956397	4.891465495391103	-0.2727629561173221	15.923013653937918	5.362751399951173	-0.702564828327702	7.057668171530077	0.41020771311163134	4.63793941941122	-11.759191891735961	-12.93932410923956	-8.376114962991291	-9.243673245194412	3.63049302530771	15.646734561560107	2.752217418970087	-11.379701633467889	-4.488808745003899	1.314561991514193	-5.641497825245058	0.27335070403129674	-4.431634096309348	1.4716277108294775	-8.606283216205133	-7.516635753693173	18.586784050925637	-1.0868837136241423	-6.093111599544439	2.068553005973057	6.321289264082268	3.230523619740555	-10.13892436539513	-2.870227665576243	-0.48477978261498883	-9.274885949096348	-5.245346155249296	1.5981688470498217	1.9544735937284579	2.7431445975429605	1.5098423086495396	4.3348907525896925	6.847774577517561	-4.605725604011779
ADORA1	Coupled	Not-coupled	Coupled	-	Adenosine receptors	classA	35.12331608357396	12.629201996001841	-52.392713120357875	11.14216918542411	-5.942365177257798	31.793956447745884	14.044260105931688	-13.822594770497814	14.279399480834218	10.402956850973649	6.080557183320051	-4.4030124851232015	20.616014829562772	2.859123296825727	-7.64120501857948	-11.495531103886355	-7.627361141252711	2.2646459923886617	5.761718904743982	-5.096339235504261	0.01448459335242615	11.395770000158276	-6.628175516062484	-6.901645022363961	2.62230293504506	0.264841010758128	-6.428622760124779	-0.28101277914816064	-9.058605032952094	3.300668251181936	0.025153496225163666	4.582996311270692	-4.411444716313954	-0.19515820352942312	0.26784771742488045	2.406991095151073	-7.367610962971916	-7.828899091859252	-1.3579108933575446	-4.433761588180891	4.784488533950341	-6.327021281348229	-2.7046744055299885	5.275328310628454	10.941020446428416	-2.2860015474387603	0.011898207261944092	4.279481211956528	3.126119637759702	-0.8395924812702638	-2.832110177997413	4.969832952453921
MC5R	Coupled	Coupled	-	-	Melanocortin receptors	classA	51.99122541700001	-40.40813860939421	5.345910269839794	6.2806619540747315	-2.1246446822519167	50.47994404600459	-6.403285642304199	46.76051381253651	-35.091833874625266	13.416507194159863	5.188741605400533	-22.87403284540284	9.474437158622974	13.757876595442115	-8.653008007275062	9.892296704773576	15.436583176800813	-6.394144183801929	2.9916897891666885	4.043158882100758	-2.6736542878244998	6.294354138331286	3.1828902301720157	-4.999963816736356	-1.2270011567747565	4.503123677961348	0.9472296005697707	1.9102024273704077	0.7198060751989045	-2.827700116146363	0.6340904215531419	2.4687519910874673	-1.4448501901244477	-0.8839716378827147	-2.2137637807602055	-2.2565088841775536	3.3009532312639362	0.8597532962273932	5.397036326944098	-5.3395531541413686	-0.07307013289423081	0.14149881894038568	-3.060200002878948	-2.2452979060106273	-3.383054468292772	1.449475130150559	2.5950742396737807	1.2226391472071276	2.4594746943774104	-2.7977762517897795	1.7469129769286578	0.0008010458266015822
MAS1	Not-coupled	-	-	-	Class A Orphans	classA	36.67682310923875	15.009920859975313	-52.79439984171764	5.362792594124803	-3.9744277978487466	32.072295566435606	15.192542371103384	-12.033419644574579	15.738999974554924	9.86248210724876	5.616168540935942	-3.625903821256789	19.843806032906716	4.421798652263884	-9.660605861485905	-9.711709500753237	-7.510549649066016	2.0432824929343636	4.562079378129445	-5.065984902199194	2.009719903634493	11.360572275167566	-6.896121960592118	-8.002905635889048	3.1086068986693434	0.20796439023778104	-6.409320677989175	0.6545852255087782	-11.854692412343661	0.3148396576468908	0.055079703532148125	4.990467194704947	-3.3248265168622053	0.020989621147391477	2.422955698359419	2.858935863946331	-7.788397646886381	-7.420601859291471	-2.542976664119961	-6.247107432172172	4.402627700919052	-5.370566661293272	-2.418397558959487	3.395645893979415	11.60606438626002	-2.8095814925543348	-1.5811867084087277	4.877082545663145	0.9075301605486275	-1.2027728385683465	-4.373428493207408	3.1334738740101047
MC3R	Coupled	Not-coupled	Coupled	-	Melanocortin receptors	classA	63.17978576864619	-33.63554496631594	27.593478317251517	23.653641126260425	-31.5626325219071	58.325324706203176	-10.48069189236165	46.17498433796976	-34.449343170354155	20.301973696280044	-2.469226036020924	-25.24083159363322	3.2863492158224608	7.36458207224772	-6.014085210977215	6.433312258942486	4.3972878548525545	0.021406794178117146	2.17908250142726	1.0280721147112966	5.309687089146393	11.176785785181861	1.9751609040338247	-5.92032632384239	-1.5131053145873128	2.344282435509394	1.5382146353033832	-1.4885446076492315	0.538277696302535	0.798337089813749	-0.8983562585256303	-4.520459839365274	-0.83708858666483	2.653862550084976	3.958861591831117	3.498104073234138	8.77274154213263	2.5590299157766148	4.57988798555774	-1.7509563423590808	-0.09773636961034163	-2.0367402615386276	2.0232455753716083	-0.6807315241748951	-4.661938086733327	2.7077211472979483	2.1141474308163257	2.5149132878340343	0.7398333098886274	-1.7363750005616254	-0.9604301677660011	0.15402249813829313
MRGPRX4	Not-coupled	-	-	-	Class A Orphans	classA	66.12253299764208	-25.783752897170395	27.795372317073777	23.71139445375564	-30.154745459095132	57.97695588272778	-8.262039496431845	49.667219580203025	-34.53004664166021	22.74305573292337	-5.468472708026017	-25.488543823379892	4.604766440758315	7.214771310383962	-6.684560174133567	5.791160401767734	3.6582964452726663	0.9859464392088005	1.1102027854023746	0.7065403997459748	8.310098085736994	8.844661646512018	2.7223402550932345	-4.048563069586988	-1.9626140588751775	1.8450322464523303	1.3364159207866941	-1.1035335031506537	-1.250461268551776	0.47519414755821154	0.3383636946935147	-6.255400166093421	-0.21845762937045268	1.8778508366470341	5.419812207243206	3.5167125247275335	7.5250487222323335	1.522002332129281	6.355453575671074	-1.9611738353046984	-0.18586887002666666	-2.001348831111313	1.6228196974240867	1.3089156987279	-4.241183229618357	2.323183558790434	3.3774205018627197	0.9331172215078627	0.4579421934918391	-2.154878964060097	-0.3467806694484706	1.736648182154954
MRGPRX3	Not-coupled	-	-	-	Class A Orphans	classA	60.93979517442455	-30.795349311054203	27.44412795013167	17.785365354867167	-33.70549693396053	55.33001438992991	-9.287603642162782	47.02047361503662	-37.678361993282074	26.375422158546417	-3.3323781728679047	-25.148056469302546	5.251246894678324	9.06159001134064	-8.57147870425911	7.0066627210601355	2.3975357228685805	0.9174645728060311	0.14736249304306753	0.6315279974165391	6.23177079969378	11.23050985031147	3.699940881605144	-5.6046962851632784	-0.03337355883829007	1.207557536870539	1.9538701208849136	0.9195791467971931	0.7148620458108713	-1.7225652738940822	-0.47635212082076733	-4.514214807099765	-1.3926487460150905	1.878922559418756	4.734404729625432	3.4917128335188448	9.24895923419585	1.9165892884024087	3.200461173659765	-2.724427310356561	1.492261053166147	-4.41470272202416	2.82832184676314	-1.4933603327930798	-5.590963991700523	2.3072450997205634	0.767706508182833	0.03752363359053744	-2.972596631079387	-4.437373828744644	-1.0007720905638506	0.261094307640373
MRGPRX1	Not-coupled	Coupled	-	-	Class A Orphans	classA	44.78801225802661	-41.98862626182315	21.72521977255967	22.768982921830396	-27.097012017142802	47.22864248395776	-1.3551240935047302	54.06317050011354	-32.17196579524707	12.545027069948263	2.381485815003709	-22.93477989637568	-3.5801794352485	9.707091483078166	-7.102846815682191	11.275082978235421	11.294295582507244	-5.898355819931797	-1.760447854475261	2.662602109941299	0.12569534814576663	4.057752947613157	0.640585647470861	-6.084948685123745	-3.153761028198231	5.417103293801464	3.761762640395323	1.6301896648946759	-1.94122324438301	-1.6123989178458054	2.851878515256325	1.9189253359471916	0.7893033567391138	2.222194583748878	1.4720512970861854	-0.48261604435748395	2.636751964589736	0.8255985974445008	1.5390079380047659	-0.6586974582143494	-3.990935582343089	0.6287306923477842	0.6490074183305017	-1.6325250862139393	-3.7926974304130803	-4.302460098588893	-0.956702424028136	1.9476974276912975	0.0701141766905429	-2.335222460552705	0.5633287616567703	0.9156599952902119
MRGPRD	Not-coupled	-	-	-	Class A Orphans	classA	-15.811804881325273	-65.57712818805551	13.397298503257906	22.08574183511568	-12.747985790234626	1.2866833039679026	14.734178409466276	8.459992607753914	13.671245228802725	-0.23015967928436806	5.061072867464138	3.461588851842636	-11.500990419543724	-1.0563668796419627	-5.107519755779293	12.29682933068255	-3.113549974957044	-6.442065870165057	-4.424259508512635	-8.352380919717467	0.14725848183151882	-9.469359180811002	-4.071649886244345	-1.7773318028200915	1.7018065986956303	-4.687247461641349	9.444231949252726	1.4706346139892679	-5.412959281534556	3.631636601417714	-4.5143369431742775	-1.9995455842485974	-7.5439503694132	3.1388394988673998	0.6370860762749355	0.8288290129742822	4.606192528587321	1.873093613378698	-6.600633559027708	-1.3551664441150535	-3.660430065060172	-3.75792539764416	-1.5137838866905082	3.018696537855486	0.729697011009288	-0.8892800324932076	2.0502764612713187	-0.29932422668736597	-0.42124224594272647	5.112639988605377	7.150180873822379	5.731623759994257
GPR31	Not-coupled	-	-	-	Class A Orphans	classA	4.827333516675529	-72.95198197649606	23.01279512678739	-0.8990617282652622	29.465132626242536	20.3854939870437	-7.832367995742051	-30.624626336583248	5.866863967958722	13.42021922153525	20.664282438250915	6.014749549254631	-8.081555218005095	-4.180129541878211	-13.711402269221455	11.834685284207637	-2.816574984203797	4.037742672957698	3.2027817666687177	-2.2813405019638338	3.820309217659025	2.390976104582437	-8.104849230786966	-7.718403308236342	3.821397282613536	-0.6579075112712932	-13.100237772181812	2.49836608229673	7.502278145311841	-8.760671269447453	4.754116705022741	4.250440440982079	-4.174074615363876	-5.511805705609377	-1.610261006930008	4.302128052236396	0.5985504148995283	1.9677767221292524	1.8818774538288212	-6.845224614453432	-8.478687879967449	8.199561510406758	1.0201186993102815	-5.082669452210609	-2.1840128386862547	-6.960842948099885	7.960646539974759	3.5241634772506316	-1.0179491747012768	4.789089204400621	-0.8330044589270569	1.2540338738150638
GPR55	Not-coupled	Not-coupled	-	-	GPR18, GPR55 and GPR119	classA	16.941771735281858	-79.26277380396172	28.109330095821516	-4.6452801972982645	26.918951727409542	30.516596970589568	-4.423867891583368	-41.94712543261461	-0.05259919138392007	10.822721582013415	11.305792831916188	2.750897793523669	3.187869665892387	-0.46147757247073645	-0.17863037076331234	2.736824110441238	4.373180440703588	3.0546214923229824	-18.784271535579492	12.099431481206105	8.16363560231143	3.081657673732674	9.738970839173918	0.1814575745187491	5.5695165503864255	8.523024340478846	2.51212309128834	-5.75749409505237	-1.5429973691653942	-0.582465294980958	4.447021667543185	-0.2755406581210615	-5.099528241216073	-7.2987521565100675	1.9545150422362647	-2.5783019304329584	-0.18158792287040876	-2.956716222353641	-2.2297455805834185	5.164138828454377	-6.3917944651556695	4.265661573586427	-4.4423031804707	-2.0586365135348723	2.1319489183568	-4.415568288958192	0.20780951150179447	-0.4138444668712454	3.1206795332868102	1.4490756324161138	1.4987435065339754	-2.2804487484431077
GPR171	-	-	-	-	NA	classA	4.785719087641754	8.402631175482071	-73.22776861118561	-20.988725098185736	-7.838213851404175	24.797960952192867	22.601442732487566	-0.6406046649678658	20.988904067627097	12.365129262242753	5.248907697135037	-0.09500728058704354	18.034507184984765	5.671529812696565	2.5650954308997402	4.440587141872482	1.3491155874035705	4.86400240681531	-12.28544900225489	-10.581924553836709	-6.416945499845174	-4.334801111673671	2.1994861463237827	14.15208493620819	2.349837369764696	-9.591952501943144	-5.847331365071217	3.608630449878395	-0.17052836902250196	-3.440191996463611	-3.721052913793269	-0.37839813043729	-6.464280162878696	-4.076971613839838	21.305462119971168	-4.018169000965116	-3.0078701318735526	1.6374123164451253	0.8916662140790168	6.772450825475168	-3.6951528210294318	-5.973385227668578	-0.9662277463305661	-8.92026290525478	-3.9379836516308364	1.4367174245514849	0.4821739960773183	3.1128274070106894	1.457004710326244	2.1544146987155948	3.2567431112726988	-4.0976368068399935
ADORA3	Not-coupled	Not-coupled	Not-coupled	-	Adenosine receptors	classA	46.00317113044593	-4.596485165364906	-16.860417054867114	43.7016609461383	-35.63872725743273	23.008546276085795	20.13270091539235	-17.681907682026917	14.576206393967565	20.760295422504633	3.7268384951842166	-4.9287907034831395	18.426288229319937	1.2888098724407246	-10.516492380613409	-14.916067730765043	-13.920952048451227	4.888038395076697	0.6195459816562474	-3.257187814153279	7.869591799732792	7.369000140861236	-7.607423313592025	-4.2835563947171735	-0.9294178358367874	-1.7821628470573039	-8.22178066140368	-0.9647068829559574	-5.443912185162461	-3.758198276027079	-0.4779341356500493	4.346101263020421	-6.768863573209974	-1.5930834425838256	2.9772972248849032	7.067280813644289	-3.1524965567118612	-7.881056017892772	-0.11746115584994478	-5.426513601890946	3.0222453706198107	-9.926958805961602	-4.7684207686138205	2.4694007798686672	6.664781303308371	-6.5555900631203015	-2.5096224506755362	3.2155352893672773	2.5491471468098315	-0.9865101436584812	-5.891051452655529	7.765178762558094
MC1R	Coupled	Coupled	-	-	Melanocortin receptors	classA	49.79873624940946	-37.16938737526971	26.01443138958494	43.519372299817405	-37.98277931302476	38.177661614798694	7.802988261546867	48.264217694978136	-22.0133443375243	11.69232418911281	4.455912355713358	-12.544483065702678	-0.9885303765465676	10.126089267516711	-13.124398726507858	12.884629397412917	7.831984191178725	-9.134964588153808	0.4893474022156628	4.49438867180757	8.26623692527616	8.883385829393761	-4.6664470613510485	-9.591669428620634	1.7026825732210413	3.5168505724436523	3.354948818518928	-0.13186164442185497	4.533086861655623	-2.3106330132235766	-0.9816720935493808	-3.0042750262405327	-0.0957136270122966	0.13052702836005534	4.636775555103213	-2.807357169519579	-0.5555274791136912	2.093814342907384	-3.8364891722175267	0.4242144650960907	-2.727432151067748	-3.7505634394346705	-3.575638422836318	0.3018540041611715	-1.6966401946191072	-4.975918573814278	-1.321115945237689	0.25586670600144923	6.862010567478165	-0.9430083523168263	-0.8085757475880723	-4.075579275284724
MRGPRE	-	-	-	-	NA	classA	4.749287643942113	-85.9516491036511	41.80620798850364	16.510553709955605	-1.6907499205238838	14.470704282117167	-12.459890470130512	-20.10238995679493	2.945615487425058	20.502208119713046	23.843430489498594	3.6927890019149867	-9.964100767924458	1.188229269416711	-11.642298047565397	13.583446309913779	0.2853808840983888	6.192442684411197	2.304648357757268	2.280170302264126	-3.894703331622582	-1.430784750407193	-7.714326750756694	-2.7836332305731553	3.307584530352082	1.0707984315577677	-15.436006451336697	1.5494750958113122	6.6897071578144915	-10.750538411003866	7.9353321650941515	-1.0934558413026711	-4.474967585027632	-3.1838900955293172	0.3662442246550422	6.494919793107668	-5.79547890727802	0.48837277766094317	0.6666178874445022	-5.54689381800758	-6.806590627998615	9.213359457580042	-1.5143145860998544	-5.745267951909401	-7.119810134562422	-11.451287541944009	8.445965805154986	3.564556081702136	-1.0164916537007775	9.058047966368225	-1.6074573733136885	6.454953180475007
GPR35	-	Not-coupled	-	-	NA	classA	35.54189349400785	-47.944791635088464	21.777181536695508	5.414474328473049	52.37076608823634	18.566530915809103	13.452362833194794	-25.19921698488672	16.745069396910775	-25.127018008553364	-13.013989341596172	13.6263146035841	-12.163826239881745	4.325958076411219	-10.596390319886778	2.4718739197960837	-8.733204381473643	3.809559405330938	-12.043328675279332	4.917955406157024	6.938889711822806	-13.910600106751213	8.861636716980959	2.348736381938472	3.2051576589287456	12.292082573439131	6.620325929206337	-1.338160990893669	-8.670453172444553	2.826524123405305	-7.595897908698983	-1.164587619862072	-8.702300039501626	-2.935171339531347	9.74021245677819	7.754906784346474	1.8885512492756313	10.9347182728031	-3.033755664669706	-7.487147532840911	11.410750525097743	-7.509079595038038	3.6367023554905047	7.400229767827692	-0.6340273610159816	0.19961336058428822	-4.108918500119951	-3.7539633234416945	14.131793329752716	0.5122010453157081	1.798352572862537	-1.9493988085721214
GPR141	-	-	-	-	NA	classA	7.498116389942378	-74.62562443170552	37.70409010774294	50.88708717997533	-33.815761101554884	13.507913377545089	18.337869874713252	-5.678972266398016	12.226898661197614	-4.981794931735039	9.231396949850922	9.273285380191748	-7.30446014446607	-0.10177543261382606	-10.314415593478964	2.2229677777457	2.3629884989183862	-5.125182792330148	-16.635219132432272	1.1214295553861053	6.014606055123929	-2.6767950215358964	-7.677962960760889	-6.333196211128731	10.135708518381232	10.466320553957148	1.975252567273075	2.8378242332549926	10.838552316524604	-3.5333283614895072	-2.2385721177807802	-1.5183928029426346	6.720693760392141	-7.628994032652342	-4.397181055707538	5.479449774585446	-3.7148992418109463	-5.780551602322991	6.52854080348508	10.691859423842514	-0.9331162803273119	-5.075623310917055	-3.24950246949986	-2.937801976602503	-0.7885716425930712	1.4752347148233513	-6.14726635108459	3.512602418415833	-3.725268261224698	0.2158604118600367	1.3120637657007501	1.7716114512491485
FFAR1	Coupled	Coupled	-	-	Free fatty acid receptors	classA	32.75472061569564	-3.408328947577738	-56.74437134592041	2.443529010416296	-0.7907134471336736	43.56149076155223	23.712775072789103	-9.151809655100656	17.731518637466174	4.700964937132919	3.6138335344322727	-1.6791643238077267	25.828485468228372	7.441982435430882	-7.890418964216054	-5.432442405412252	-7.57007145639013	2.235213089572636	4.049869893212418	-8.15969391483338	-0.12463688852613095	10.876992566620464	-9.192845048010584	-8.185564874960635	7.3611405785661335	6.056299569231626	-5.245554698455739	-3.122696938875166	-5.1119634739465285	-2.506429628082574	-1.2728371989536529	3.469346355005524	-8.458273853165334	4.573922288669571	-3.112580901056055	3.2153424102978283	-4.712243553187916	-13.571868833890171	-1.1483444481053917	-3.989789856503089	2.9834114324478422	-6.141372363024078	-7.686387507343746	0.9137789134217973	10.648865457938731	1.3140327249054569	-3.782074351190276	4.0737917644486	0.4728005821985012	-0.2228669365815573	-4.795494806034884	6.612746666505792
MC2R	Coupled	-	-	-	Melanocortin receptors	classA	-32.275378678324856	-2.7444031484751874	-4.322506248251583	12.884876412419336	2.195904652639906	-10.589046087825048	12.828613164157492	9.649814338695009	17.068775072407764	4.953908839233489	0.34104895170115457	2.6612161065056674	-13.038793600457513	1.835801962777311	15.963574340218146	8.390317914982397	-1.6234931245887971	-1.4876370508208276	-0.8138336773489603	4.004445283293398	15.536617705541685	7.3193485696682465	-15.993531505408628	17.020420939606648	-0.36904106406787185	-2.439382040799539	2.070893954232636	2.6624186021636644	0.8430413930833692	3.9294285740133543	12.707918838871343	6.520153028916639	7.435992296922367	-1.2219192366748832	-1.2880219810273283	5.242719947686307	1.3138691415127117	-0.9186903156096706	13.700642383948162	7.46712878605019	2.281119039653775	11.59878173026131	4.474596653273087	-2.656565105372992	2.497001314968314	-5.524616079709973	-9.894675524670502	5.755814787768978	3.140163730380029	0.53732894313163	2.1184949647690288	0.14211162197122684
GNRHR2	-	-	-	-	NA	classA	-49.67569876073793	-13.72546547509758	-32.915436474297614	-30.251703971566794	28.257896465427528	-12.191417193264344	13.777112602562461	22.795821514410054	12.31207847702621	-8.371740093382154	6.7759712476502205	-0.5710346400188164	-2.661201701302822	-4.73425400492731	-9.514398846003083	-7.000192846282969	1.1768437084863304	4.8265446742020455	-0.5756299576429404	13.041356088514586	17.508343446841195	-0.8326520618121549	-8.869924353516268	0.06362992001571335	11.134569788237103	0.19051049771285308	1.05146531799506	0.8108719108295017	-7.788202271206589	2.718097273772914	-8.289015024949883	-1.4088604297737206	-6.217094587756199	2.364113892011542	0.5911027163686166	4.383577786946855	1.083032076830804	-6.349468012659623	4.875821529842793	4.140341303669434	-1.952904675944934	-2.669394045672933	5.922094160271799	4.11123303912856	-7.512289371866111	-1.4211718158364688	-2.3741470378288567	-3.8393485959655616	-4.119681684860173	-1.9341063238871468	-8.552178845674852	-5.978606296912997
NPY6R	-	-	-	-	NA	classA	51.24239202725384	-44.47219702923143	26.024438040643222	30.846558565752375	-54.07044463807236	40.46817441859501	5.902501988423485	50.258215188066735	-19.35325538438674	8.701833108318695	2.695694451754697	-6.2788503618748885	5.634109471756779	13.277286306581209	-16.4202470044232	20.509169880889825	1.4597407046530804	-1.7694670437396915	-0.22721964239951528	2.5448794094768026	8.802157119207434	10.04569749382179	-0.8490662787257783	-4.55079458343874	14.300467278061856	8.21716523185464	0.24980875772591876	2.962013916271148	2.2749660467894044	0.02900541402004646	-5.235074403036624	-6.881417312554781	3.7169214434596034	3.910682713835542	3.870370045124941	-2.2849687990635075	-1.5937083434763792	3.590892840533897	-0.22888412116358495	-3.551717177406668	-0.39822332022401585	3.8962072490491577	1.7541159900292849	2.87163738997086	0.42035456069069277	-1.4082683938448615	-7.603031187264048	-1.5513733190987318	-2.716394487266728	-1.859319682708073	5.805341057444711	-3.8099318136794937
MRGPRG	-	-	-	-	NA	classA	163.4326493091532	-19.66656558714732	-22.10503833994179	-11.227140377907746	7.285492100815074	-32.968446938032514	12.077173163688265	-4.324596850676817	-8.030705498561566	-2.9312312343778992	-1.1387387169476701	-0.7666795417422865	-9.455475743001319	-2.0736613247903906	-4.28006101164185	-2.016676691754155	8.735701573486166	-3.482301814160776	-2.05417344764225	-0.9316884771119784	-0.5154749831236737	-0.9756458128384682	-2.564785525135577	-4.5759980316221185	-7.147348091382282	5.0774335700469955	-0.8972019589202993	1.831422009194874	-1.4337493920672666	5.2404683522254665	6.48620455437282	-4.331578458603368	1.388943931953108	1.200285162212936	5.5236189089122165	-5.033938188687103	-7.285302600353613	1.1063421587905709	1.5900869970281812	3.019081233283581	0.9731191290330047	1.3481644101027082	4.461215558226589	-0.9981818037344645	-1.1088432156341832	-3.131184638481364	2.471017715697601	-2.7331104874818792	2.479082109752553	-2.657027022042205	3.1144087717375846	-0.29801601237006986
TAS2R38	-	-	-	-	NA	Taste	163.57268065021353	-13.030360507516967	-18.16943082374715	-7.99636981625796	10.732333895040355	-30.54242060141194	9.634976919330168	-8.678611357269785	-4.9836006773890835	0.11832487658352811	-1.6870058394239928	-2.9377064390172394	7.582127355868138	-3.6788404180194734	-1.1213237115316221	-10.435941429322128	2.848322035990331	1.8438072887413377	6.681306470396041	-2.4898399547542063	3.7824392317114848	-6.293188365949326	-9.347470132092443	-5.326312860538404	-8.055179564612608	5.865775419373793	1.8289080748957653	-0.9988497050000543	-5.279303571029351	2.1828189033970746	4.964660058556342	-8.436749875574943	-3.438104889672793	5.6564243951077176	-4.079691288793326	-2.1608489325349107	-6.173770727407767	-3.5057769074503917	1.555146690802114	4.863294222725387	7.219272564788518	3.185456709794087	0.4926099998249652	-1.4654569692088866	-7.348730347680251	-0.15712384099716922	2.6338774398777547	-4.330107779847123	2.7721571662059876	-1.9599436788719082	-0.14824114718654394	1.6929729166665568
TAS2R39	-	-	-	-	NA	Taste	170.02970337216024	-15.909822757998658	-21.368066706189456	-17.00928429982486	12.820537735000455	-25.50244489074014	11.400372250592836	-4.870322683254176	-2.331602821601067	-1.3633539176080334	-2.9535047689825205	-0.008074880079176625	-3.3434077059366025	-2.50011170656665	4.360004024286719	-5.854178550416019	7.177430974167946	-0.5076637960063141	5.704443051046979	-1.9525833399976624	-1.6803273103083582	-6.913545513664263	-5.837724785687846	-6.907647477243174	-8.874358014146202	6.842458586243814	3.924197062500468	-1.7589691478517766	-6.239918999712047	-0.8474382281277683	4.624397849573589	-7.3660193362861754	-5.188763314118667	3.089491111488166	-3.3053746052583124	-3.143623918527661	-8.106906200564776	-3.9547392948316102	5.17580511355543	2.801265417964447	4.561809700489628	3.83393281804453	-0.38898115270491657	-5.035987278621177	-5.950819931192037	-0.2509899158716241	4.8268661715389465	-1.4009520413303116	2.694405975205822	-2.7040494634088983	1.2962135947504583	1.7251046320955175
TAS2R40	-	-	-	-	NA	Taste	159.67125579278255	-29.427383793218567	-20.301968067971526	-14.64037548935397	-12.278728925309306	-27.675299364453007	19.8882717616368	2.4568864013605953	-1.9428011785659627	1.2590068354550177	0.009736353624030185	-0.09425517939692259	-7.817128170787654	-0.8243815767864036	3.253796882037592	-2.0567977785674394	6.675687944104907	-4.9701209939772895	-3.7975318034827916	-3.6955851833487174	1.1891989047859595	-5.34654172326905	-10.942590551059652	-4.656452274409105	-7.147259603366353	7.390664637431929	5.83541870098776	1.1228471002793234	-1.402006905283003	2.3212964139386685	3.036977976607339	-5.87110628024597	-7.714169657967769	4.746112755731	5.29756883759971	-8.581724374693142	-3.13535577256953	-2.500503086519345	3.5100913320324203	2.816289663570955	3.7160401196007795	3.1804945667302453	-3.622496039224379	-5.475954116167569	-3.9528278617079953	-1.8655160270708078	0.4092363157215737	-6.623814261578637	0.7746074946536045	-1.713158268579276	1.939651546045665	-3.1575340075743377
TAS2R41	-	-	-	-	NA	Taste	167.61184414380634	-29.805759361638565	-20.585044516207354	-42.56013587471242	-15.212120268109171	-24.26247052223177	-5.637878729503861	2.0064987848038656	-13.397569300647117	-2.800704718762417	-3.693209403467499	3.913581875244336	-5.921133887485361	-3.063456304492165	5.862680393396354	-1.0842233028154875	-3.9088185261549615	2.34000415097983	-1.0490856180624615	2.0614052882021037	-0.12109725027091806	0.8837994799542734	2.6578404432071094	4.547976519015846	4.75089984232615	-5.450026035842959	-1.004532105810409	-1.8137480112032398	4.446155711115107	-3.887008507383725	-1.4417434076764934	5.3896390402088175	2.385159896086959	-1.761956773489852	-1.8250331866159637	2.747414071690214	5.630612058140979	1.6150651901320776	-4.0517777037299885	0.14827350280578008	-5.9427231176242765	-1.3737037197157025	-2.5360629633416876	4.682830694544796	1.7714663138156654	3.204209409351243	0.9052591896069676	3.2496243121269903	0.8268333787297487	2.866144590401779	-0.9627253111325612	1.4371183479275325
TAS2R43	-	-	-	-	NA	Taste	167.18056305978874	-30.929920166901162	-18.17906300260459	-38.86142054960932	-17.43569857523251	-24.952131994770937	-5.034857515895809	1.4534674014902036	-13.103764827805374	-2.0444757469594226	-3.4934679760591627	5.716838613644835	-5.8473018712011235	-3.4123874469186837	5.424296069817711	0.049678369178578846	-3.2038457309672355	3.5240891222832236	-2.4568263405921753	2.5732467348549117	-0.3292275953933685	1.1523083516364914	4.206675287410582	4.275087204302072	4.514794233179792	-4.813162792422955	-0.3345527481154201	-2.173434208422877	4.5742783429813585	-2.572230416813419	-1.8649625000092322	4.87445107549803	3.106944110656507	-3.669319499922266	-2.272842693833938	2.354776209467429	5.191397655517449	2.277329208782314	-2.3100809029496365	-1.4862120343292875	-6.517578592574868	-1.955814375002493	-0.7757892238380517	5.661063045744433	2.0929962377246674	2.309938858057962	1.3872945347484231	2.906224023225008	-0.8597574598687403	3.6861695512973767	-1.1574382553727927	1.0034622731743412
TAS2R31	-	-	-	-	NA	Taste	163.61766876137753	-32.499089413804064	-20.0172531482259	-38.136975679083164	-18.319400715454343	-20.984776734114245	-0.2486436095211846	1.282184961610567	-8.948561048589731	-1.036263668008321	-2.9639088035748182	2.169999852917253	-0.804804668174693	-2.499790323820772	3.503193747272249	-5.444701736016289	-4.783042796734508	4.992131169437538	-4.056225693995888	2.264572152435503	-1.7756532079878744	0.5606163060527742	-0.7522614762005796	1.0224063373390266	6.100955143357858	-1.6032472665622037	0.038901567464306515	-1.5457062391063632	2.4275585860636544	-3.642376238727418	-1.0807582914828011	5.209938708122657	-0.06396528301903903	-4.605042681022746	-1.8411730124755135	3.9767709766225723	5.62105977399018	0.26822200342227276	-3.5612202240933764	-2.441155688955625	-5.822776789974889	0.27009455885845474	-2.7948196576244824	4.340081355590325	-1.975795013037617	1.9727018804332326	2.3158547670217144	2.686247139397363	-0.6311151345497551	1.8069799021730157	0.9717322854608508	-0.8548360284672568
TAS2R45	-	-	-	-	NA	Taste	169.5567371490503	-31.050394911113187	-19.123432349149095	-43.026167856432764	-18.97548242813518	-25.349571748342296	-6.4681465105013585	2.236552325633271	-13.37744980191638	-1.049352530942704	-4.004531056006683	4.499520735793879	-3.2925473279409694	-3.0016031621114396	6.074104201513636	-1.2860299739407888	-4.707221105167958	3.990016172344688	-1.0416569935011037	1.135647899414607	0.26245607353320805	0.11725722470034813	3.1544846799052806	5.520875804136731	4.939606140138832	-6.692411493695933	-1.9283102888204633	-1.2744646355162537	4.392326861753384	-4.363707075514102	-2.2710839074152003	4.780482112619284	1.9870662207653054	-2.2660212607350436	-2.2987710938366703	3.835729339628422	5.915055640424047	2.525042987848302	-2.6616033739349687	0.4004145149725788	-6.021118162365256	-2.9123084758049385	-2.3548238945548223	4.951385470820758	2.455616884061302	2.5461635860000507	0.1643890396500385	2.915155451179406	0.01159516884931257	2.874992751255781	-0.8136769012802448	0.937184210132609
TAS2R46	-	-	-	-	NA	Taste	167.79230436353856	-25.8077571531732	-19.555169690236493	-36.68292850799221	-16.419065755839913	-23.841472624110168	-9.183178536359744	1.5627093506050345	-14.088412065967018	-2.0894008474113672	-4.411066229852086	6.712706545622792	-3.15130223294837	-3.9195275062829036	4.877530058169111	-1.5168358290898192	-4.48019523500416	1.1279011802471035	0.7631241108681015	0.3278161882513644	-1.2116954038987036	1.896525828153776	4.904638475854788	6.606493103837403	6.432842288626927	-6.07662587844211	-2.1169949033359012	-1.3395203451969888	4.663126758615505	0.562902898109878	-2.371655642198572	4.1907765431247945	3.977515225456028	-0.1877182304915514	-1.0514496504726045	3.4339322178618272	5.077477884985319	3.1400415865902116	-1.9648812086927052	0.9834139462685356	-5.05410814497671	0.10096879293840988	-0.7269908116909525	5.493269272509077	2.8113082922350583	3.4402759011768236	0.8363412988787479	1.6439596797132714	1.3623746056738624	2.456986752679695	-0.8091839578317398	0.9287837394128445
TAS2R30	-	-	-	-	NA	Taste	170.11544132623226	-25.341338963946242	-20.038280291012317	-42.76726062099138	-16.53503255816006	-25.08399243508112	-1.9175737828130766	-0.19115231670850433	-9.351763252715143	2.3430098088090707	-3.4933493075990216	9.704419344222574	-6.89032814940869	-5.758052150148391	2.9393758638224132	-1.2583804975870436	-3.7697371401076656	3.4327257630945747	-0.3681415856892697	0.5173431667730758	-3.5655833295402	1.8326449714613495	2.5432784018852046	0.24134944950409803	7.051894582920054	-3.848866249062431	-2.1325835946328247	3.3324227092586045	1.2757993451059622	0.7695177739212292	-3.893602348932172	3.346250128451699	4.829818177818958	0.1954710276876872	-0.2639112886324928	5.3666318614562725	3.9645739031550873	2.1678384227167906	-3.283471639239867	-0.21445328673666894	-4.007847676415865	-2.7232449332529023	0.2111645953145794	4.041899961590728	1.5571288459771462	0.48695122470421287	-2.634840351598627	2.1405432740692634	-1.1290581827417103	0.12621299970509098	1.0677133998742132	1.524123527227433
TAS2R19	-	-	-	-	NA	Taste	162.15806068173225	-28.155626141051208	-20.340321067606023	-43.434491855585385	-15.305681476684121	-23.6988804619417	-2.5805340606592533	0.2117866854189995	-13.659032607005885	1.426696200843137	-5.598119501315708	4.4414575311559705	-4.220250582251801	-1.8824934000813522	5.739651968411412	-2.0106786789843376	-3.6318376839625057	3.0258894470367754	-2.4855698670208586	0.4884244060295722	0.47082888375994486	2.966385181032503	4.0292095404446755	2.105261434929672	4.989650146960084	-5.420872005088779	-3.1318115362009586	0.923876789030154	4.329882969521609	-2.784866227342496	-3.015143650415987	4.475444013482434	1.3404198284435962	-0.6291995512245724	0.22804601930562482	3.5409807669092768	3.728299729050341	4.442188524803828	-4.392520832930412	-1.5624871336109427	-5.85684140104957	-2.6266626200867202	-1.3616940460080298	4.666693376417373	3.1847434559355294	1.4430113606957449	-1.3193034287178598	2.6015985580357994	-1.2419892800101087	2.831114883667609	-0.5257725758555676	1.9184260188833366
TAS2R20	-	-	-	-	NA	Taste	160.6547774738327	-27.835007841776275	-25.438904933991893	-44.91538207388292	-14.363525452789466	-24.820123440600334	-2.0339465080094947	0.6906543553104797	-12.772807899295298	-0.549605870295608	-2.760833834064484	6.701405077181985	-5.362607283142633	-4.104612622065992	3.1979269880678896	-0.7291555425628341	-1.3927327683300157	0.8297684503255076	-3.7035414145827312	3.045191801684474	-0.15711550324202475	-0.4228469212321059	1.7130626637390194	3.3728415532390983	7.100324238569899	-3.59440723416084	-3.362561306392032	1.2463600954336906	2.8674509536111947	-1.8313598659072357	-1.3931632477609723	5.844508895126293	2.4901379869925404	-2.0556524550720687	1.1499389774011852	2.219823447548281	5.2314872004423965	0.7400597376835503	-4.104055376609642	-1.722536792654825	-5.144359942900176	-1.6631397747193983	-0.9158988502453522	4.436009314003673	3.005448615043208	-0.18393736951296874	-2.016360818966009	2.153815306001185	1.3177445133078585	2.4595531421349546	-1.3222974471802746	-0.18427148171018437
TAS2R50	-	-	-	-	NA	Taste	161.06564241260628	-23.019115502156545	-20.261567061374944	-5.588342773867618	-2.050261823119045	-28.61321063900281	20.750925710444527	-3.0778307873650155	0.33957333489354347	4.094562123130727	-2.69980186012555	1.4666106338875158	-1.8978808157806721	-0.7957025452311882	2.3491138206510245	-6.616672499578249	10.776916799599173	-1.3448131133278716	3.0228019765935366	-3.065289397044658	1.1789686820826002	-8.243907306641226	-9.38539014045192	-5.464513859542613	-10.366870371109275	9.862399565026887	5.9193270692690545	0.192184073447123	-5.19602556880474	1.87135495509148	4.312658102588544	-7.2936347914083335	-7.423847065345479	4.995700168207253	-1.1638850093978916	-3.4191672748557207	-7.531273031139849	-3.989012601201549	9.017852544719775	3.5854033629079844	5.699863268105237	5.5761534401746005	-4.469687466714533	-4.639796049678171	-6.163368264115468	0.30867669384188995	2.5940654959683487	-5.900022993764732	3.3731107420514457	-0.5709138609673682	0.7241903624166877	-1.007082826652616
TAS2R60	-	-	-	-	NA	Taste	174.43199448920993	-26.52176000931779	-26.792108829004306	-34.577098842570216	-1.3152260099961217	-26.660103770140946	1.7147790377070482	1.0958314844101222	-10.324914167837404	-10.651395320174363	-1.5648168018569446	3.9054683360004643	-6.991507832999422	-1.6462885415574526	2.952617037662187	-0.19041787188508538	0.49478033126051524	-3.063913677218482	-0.2797660515225624	-0.436267077089294	2.2376125876734347	4.967344067909489	-0.11714479680385896	2.5364754058288206	1.4609474666507034	-6.66479687446674	-3.9191578813054644	0.7677327753712149	0.16021621087524593	-0.9254437106120212	-1.9032715722884277	1.8640451030494656	3.5986299112770146	0.2973126901213967	2.1216501901678644	-0.5805930967269809	-0.5320233429677285	0.3697373491300406	-3.251953166516777	-0.5357996309370191	1.4532916621191636	0.9222669271160258	2.795818480117345	0.4996555037764211	2.9208630802741835	-1.8727264297488393	-5.138220766332796	1.7350458046597572	-0.5402399806165692	1.706711017914686	-2.294607408684989	0.2678878003846292
TAS2R42	-	-	-	-	NA	Taste	168.45856120876508	-21.464050362346484	-26.357792605422198	-20.718352170901316	7.689434110036952	-25.417633102722025	20.26405657346037	-6.161872488244636	-1.7588052775523304	-5.316156019777692	-5.028781825310869	3.449765886476808	-10.27728529151214	-0.39673240905677326	0.858452255437086	-3.063096615862616	5.534503562917217	-3.781207862429542	-5.2153575081295065	0.6324537318522097	1.8211732740159114	-2.36502040660792	-7.240342952334913	-6.049008747111221	-7.678783103286679	6.663231908086072	1.9279241241335279	2.677559544288115	-1.7048496104850939	1.1038581308420723	2.845252635036702	-5.606370338235847	-3.844123662436233	2.1518970760013834	-1.1247164009733426	-3.1549539607188652	-5.011946281838625	-3.998459312984132	3.321824636546788	0.1037019681282796	2.7631055173539627	1.9160342504248897	0.6071025308407343	-6.794225499128877	-4.592948537855022	-1.7006264230675547	0.5191470702044155	-3.1447202911110335	0.2369772132640152	0.1678109979751868	-0.8277272673191961	-0.4840379249910138
TAS2R16	-	-	-	-	NA	Taste	165.9139950214851	-27.04958230770864	-23.922468860556197	-38.084742636046336	-6.530665612048678	-26.285962303945613	-5.431146289333409	-0.016403198119503585	-11.420320857932	-3.854079609590345	-2.9086949446353803	5.329692371875812	-0.8857480544447068	-1.083470514627449	6.278511505090047	0.13235368782575813	-0.4907118593835183	1.2592935441459863	1.6734646394958386	3.2570141938122616	-2.456015815211842	4.7105693225222725	4.662076748437464	5.877128402101519	2.857781716115089	-4.651756726577035	-2.2203738694738657	-0.7263229946075938	2.8117916867590402	1.2676700948225896	-3.3062740213175617	1.8164357927415093	3.4665052767528737	-1.3942968958316067	-4.4847393899708	0.8765233014600644	3.496131305370083	4.072133426057804	-2.1185254398600435	-3.6641641388649524	-1.054832426083038	0.7415076875229123	1.1753238808143827	2.219862954150246	-0.40732069275124255	0.8694019459229678	-1.1255301150167563	2.1897213681805607	-2.765193024307693	0.10114973587010857	-0.9939069568772936	1.5951558679436983
TAS2R14	-	-	-	-	NA	Taste	177.76777548373747	-23.823089238276978	-22.994535682415282	-44.215780642455044	-10.296198365320402	-26.992654749706166	-2.4944321327479537	0.2657585454471116	-11.703536344570436	0.41522938306245544	-3.6695304878527772	6.703176490525789	-6.20879779294355	-2.6842700088996603	3.0303108270700414	-3.179262627393429	-4.0867357264584045	1.2326750797543096	-2.43333316119797	0.8418145955441823	-1.2575642411211416	-0.6766660485151349	4.292213101701368	4.711258308531827	6.110081511054671	-6.576140159428606	-3.103266372454004	4.354163321907474	3.4465175022481853	-2.9540315527984813	-2.284758306373611	3.359154599112204	3.41671237227079	-0.20110514367538385	1.4295867890336644	3.7179503320977365	7.291040064102099	3.8422920541110326	-0.1426858933722562	-2.7420074070896003	-1.147653902306234	-2.390877781894455	0.11648683207619792	1.5126790001645796	1.8798389490143108	0.6578544557078887	-2.290784547677549	2.932927764442491	-2.246299151505538	0.9761275151799137	-2.755315651705072	-0.33035001682052667
TAS2R13	-	-	-	-	NA	Taste	161.72924100968783	-24.803875937318388	-34.355325718006554	-48.23618787284567	6.443438253733037	-22.49708684638114	1.7558348323759616	1.3771429350132074	-6.065050518222257	-7.52442286911028	0.9798015840623993	6.457246706037498	-2.82175526184809	0.22028703985890855	5.540869578355348	3.096484373748317	4.662277536874939	1.4346794466270507	0.3841390682126853	2.1352109336143505	-1.0580892790114198	2.3739269349427357	0.024711377436711347	1.638421344632753	2.2921991719480292	0.5423646185459652	-2.292599486344351	-1.1466311085363075	1.9276793570212518	-2.657278898789935	-0.2914455689034015	3.442472704920661	-2.00383084915531	-0.8229250614311566	-6.1568314240883595	-0.2694963059362557	-1.2602887620441638	-2.413300417506477	-3.120682893298411	-2.578279285049422	1.273430889481407	-1.1733468697965819	0.9481358261410279	-1.9203141063859064	3.877184673758561	-1.7037177216044912	-2.206797717861248	2.8038792159141432	-1.3606793009191327	-0.3006253936216544	0.3946384606142554	-1.7013862317733794
TAS2R10	-	-	-	-	NA	Taste	162.72234749632725	-22.481639925300485	-28.30475744754618	-43.18177744932919	-3.7231153996765958	-25.007840466358957	1.8574175049877515	1.8574478574458544	-6.441337812654753	-0.6240157123828609	-1.0518385485554202	4.8004744099566	-4.921331494702893	-4.560519026856515	2.9261189780502983	2.9955018271956333	-0.04653123957056956	0.4544847184804045	1.817766009074118	-1.925204216387679	-1.3032737886163663	1.178031095436276	-1.1784523398465057	0.12883178725066022	0.820930349958465	-0.25319728909325656	2.0736835743115694	-0.5449646622015477	1.0211431018856694	1.6217030207090664	-0.3458210750621726	1.168404085097948	-1.7905967873463617	0.5570227820120803	3.832830453426077	-1.5754078463790662	-0.5374301502363973	-1.9979890450922175	2.1432613370076368	0.543117084161069	1.97135157825847	-1.7024869055131906	1.9588607698865752	-1.1465003665063689	3.337246780367077	0.0974492848143133	0.0412221643199299	0.2776500486535262	1.8291573901341123	-0.8483828773698249	2.1187447672176876	-2.4043595952107064
TAS2R9	-	-	-	-	NA	Taste	162.195627817968	-24.896541005847524	-30.308088444166668	-45.85145316589693	0.6830205579889976	-25.50787007429135	2.7352100934274866	0.16470182735042746	-7.12089276909141	-0.7305466646193842	0.9459373496415775	4.75935065931588	-4.911094378545842	-2.654614813311339	4.514526637728398	2.8816631102871715	1.2726047857622307	4.740092506244184	-0.02624633429978561	0.9435140230993442	0.30333721734195324	1.6002811886147243	-1.4057718998096196	1.1620451947613204	2.6880763307089697	1.1865559563556982	-4.762432546110706	-2.0929575991860965	0.8457137720402711	-0.9335510245334785	-1.4001773370870085	1.086809134649328	-2.010222860435926	0.38986181061802005	2.9306060474958824	-2.647997224190469	-4.08219184634489	0.6111363629089873	0.542231932973337	-1.2185318828671605	0.11995460206568871	-2.5199216581327484	1.2002985800994999	-0.7130343448333859	2.005772123302777	0.36654529212785125	0.3679404816230119	-2.368214602159948	1.2597728035737747	-0.41201321880436265	0.34336637017418636	-3.725547247020258
TAS2R8	-	-	-	-	NA	Taste	166.6185660920771	-24.909059246650127	-21.979448023221146	-39.29940295979243	-14.592215220964684	-25.69734841200896	-3.867787613435534	2.8066286783810503	-9.70636280854989	2.516415854669262	-2.5759495689685887	7.623816009509075	-0.186174538189686	-4.164196543145612	5.814936821617855	2.3815873627307695	-3.613624559202161	3.535029504583173	3.7873615029964856	-3.164963700336523	0.7065564722395973	1.7346406129441148	0.9506194849807525	4.512696424576048	3.1280435637626804	-5.809955712897907	0.8969350957766338	-0.42281630973151957	0.5137802320085086	-1.1732834393920761	-1.6799272971476455	-0.6122462459971705	1.8141278450447302	0.7685920751967681	-0.07598864335554914	1.1800282765694114	2.833984197823598	-1.4572453526561786	5.342598505912443	-0.027976299230709937	0.4370351834397897	-1.0140978726386174	2.266700136411327	1.0117598210579173	3.3398479666309138	-0.4010072064543084	0.19056220243810215	2.55759966491874	-0.21682456040737982	-0.4892427828877639	-0.026811479631006795	-1.6886255249574709
TAS2R7	-	-	-	-	NA	Taste	164.98784703648775	-28.020110436472773	-15.964527294688226	-14.648856778331908	-5.553982271531578	-28.475162408435473	16.24648299300384	-4.747844014378829	0.1776700563624097	-1.4601763104018337	-1.9208859607794757	1.9681605109491562	-10.355799359485957	2.408672525253064	2.7529938169112027	0.23423982760301024	5.2413737991398515	-4.856715528242738	-0.3916791309699977	-1.0380437414451562	2.189175266011691	-2.7753270099388843	-9.349029619930135	-7.33822105430913	-6.984082679800334	8.918715146353595	5.1786775841735	0.14920154169039854	-0.5180849736267746	2.3767266480376668	3.915441128407206	-5.13957975795786	-1.4466458330131573	-0.7792054004599067	0.38270358284950723	-4.405298675539161	-3.73863291319496	-0.7721237902825263	0.5409152498706801	0.12996741773547382	2.1519545555048296	1.6863282772328412	1.724939465351612	-1.9397658135132714	-0.38560704885814917	-2.075059933104213	1.537400733351696	-2.7763004812935006	-3.659164640996277	-1.6107050778741199	1.3939058776912392	0.6986767278559416
TAS2R5	-	-	-	-	NA	Taste	157.80228057503604	-23.565528691553386	-28.187142862838193	-30.47086029680539	12.89602665675178	-24.359905987166336	18.477683329561607	-2.1407211702590185	1.356379146550132	-5.4606997058441396	1.8867829653368793	0.44474728510908396	-9.428416060271571	6.13628636716878	-0.5230650223660388	0.04144012399994465	10.314478012303981	-3.478173061359134	-1.2831585140651205	1.4124465169401805	-1.1689764756966068	-0.5571615663786461	-10.140352606332792	-9.366429198703484	-6.837265131627102	8.48966024572727	-0.9969692529169744	1.904899006927566	-1.9359635140600409	-0.6145613800818016	8.431603443094842	0.12858785364499242	-2.488314721001084	0.05328852963213571	0.3041562542555827	-3.9156947400648594	-3.7267783551525744	-3.5647075228073066	-4.4634307171799605	-0.6189247711371242	3.103057430705966	2.4017673740586245	1.9144573591011225	-6.39109386140424	-6.204998643357111	-2.633605208119731	-0.3240251664902039	-2.8021353350352434	-3.0837312723062	-3.933529207800106	0.2400499255911659	-0.4213802807100456
TAS2R4	-	-	-	-	NA	Taste	166.28522974184975	-27.19558986981356	-20.682585378266953	-37.19158776599116	-9.785487944742014	-26.54560443638039	-3.710524650171469	1.4982679367875542	-11.171673637014793	-3.228004629068193	0.16284430359771224	3.411681277407577	-6.8373204930711085	-1.2079957102281678	4.120387602879785	0.7080140069904965	-1.0309221010079788	-0.6508166565267413	0.7229050648211915	-0.5917043817638593	-0.648425150536508	4.483781431285664	0.9979348810850195	1.6178035295043962	-1.1742393947982956	-3.3520720473183063	3.4984904740377947	-2.3876478260215452	1.9203755806860212	-0.5146741110486742	-2.372502278715104	3.3734649297791184	1.7665819459891543	-1.8119548238741703	-0.1516188695173489	-2.3891062540933468	-0.7745718232157041	-1.2419344535408194	2.405066367304325	-1.3199987080172477	-0.3375519232750186	1.5298490038042503	3.07244538916466	0.21666921076742446	1.4779877081025456	-1.9666351098716304	-0.6652981773417402	2.8505617226963342	-2.1131173994825616	-1.2487628771317008	-2.2804340659181204	-1.6410258607033508
TAS2R3	-	-	-	-	NA	Taste	162.6454750084064	-22.463047533219697	-21.063818624764927	-21.463068933311654	2.4897019959492286	-21.52058603324047	12.30413646796634	-4.377757096161914	3.6014686134203995	-4.976247762053019	-1.2374370498826808	2.9016514923968533	-3.208052873187919	-0.6140626530737775	-0.5482804313011849	2.5372654068736913	-1.6912602886253598	0.40533520475527807	1.827239174294622	-3.3796364995114003	2.2284562797591914	0.09663942821535791	-9.166874561824239	-7.809204533163943	-3.4323621923358614	9.667829765919553	-0.39078864332392826	-1.7036320321288883	-5.633694716922974	3.8084888763444003	-0.33641697573231927	-11.697472725781978	-5.7719663228730065	6.934390723143035	0.5907301490458932	-2.406154526339272	-7.704884748895438	-3.1019412690785373	1.2427596130827785	0.19697116022594793	7.660099207331589	-2.4471568536019754	1.5419617724263492	-7.457608791862439	-4.9380628413737035	4.137481378528219	-0.8761450590782314	-3.1333613084017236	-0.9873004830392073	0.5121324495640911	4.272949283306005	0.6423736032676313
