Gene	IUPHAR	Shedding	ebBRET	STRING	Family	Class	PC1	PC2	PC3	PC4	PC5	PC6	PC7	PC8	PC9	PC10	PC11	PC12	PC13	PC14	PC15	PC16	PC17	PC18	PC19	PC20	PC21	PC22	PC23	PC24	PC25	PC26
ADORA1	Not-coupled	Not-coupled	Coupled	-	Adenosine receptors	classA	0.09010040361306443	0.32153482054980853	-0.1348377966947663	0.15473939227643688	-0.18199024140644063	0.24744335709303472	-0.14164763055152668	-0.2949814994421319	0.1386194249571727	-0.05177221131390147	0.27915286663198785	-0.0832783681160795	0.15162534875667602	0.2543237462689316	0.10885401613796417	-0.07479101604815173	-0.4079253026835959	0.31732181211808475	0.04523526196718419	-0.02162710745083869	-0.028719709994313225	-0.0685253414910218	-0.11900541900880195	0.10847033066206445	-0.017738744305496257	0.09919226988943994
ADORA2A	Not-coupled	Not-coupled	Not-coupled	-	Adenosine receptors	classA	-0.18059356942654237	0.2513633179323422	0.17913464527723566	-0.09357055976370736	0.007638669640727183	0.0766355131074811	-0.44725638662685346	-0.07218784705242598	0.021083862673884575	-0.13492096693756464	-0.12761704774245397	-0.26271241821510705	-0.14051191086447984	0.32569007262324967	-0.03251376868754982	-0.08622326646106236	-0.3394159031476526	0.1070048817988745	0.0777924685233441	-0.23466499979540556	-0.0735169590079329	-0.23201561956461192	-0.13362753350144926	0.09218075168731367	0.08935736304957706	-0.19589509301484645
ADORA2B	Not-coupled	Not-coupled	Not-coupled	-	Adenosine receptors	classA	-0.159815972511324	0.08504267084493654	-0.10613864922574942	-0.1762076747637648	-0.31744404085362504	-0.030924056638537204	0.06306164731537453	0.08369649662309671	0.0353518077336236	-0.1274265112134634	-0.1696324445486521	-0.2449219195601953	-0.13067560456725233	0.39575315252790405	-0.11481676996279704	0.43519303573888685	-0.15406052756494557	0.23749376289175433	-0.20783193217591955	-0.2237600579961811	-0.008214057293851197	-0.06393780489606678	-0.11016934472175911	0.01324647919262333	0.0138474372841744	0.1165165559056705
ADORA3	Not-coupled	Not-coupled	Not-coupled	-	Adenosine receptors	classA	0.0840764140752577	-0.07880488583598041	-0.042624500549368616	0.33960366013133775	-0.21076489388963282	0.01707985979980508	0.04613415800874194	0.012780984555354518	0.32931318057217396	-0.44444323364887695	0.028867841411431953	-0.05287403632360693	0.25599548788710247	-0.08685579564792037	0.13012070092322692	-0.309392500014945	-0.3017686267855094	0.2821114320719764	-0.21473277608373598	0.01633997311492504	0.17688544938870734	-0.054076007181787705	0.06792128271583951	0.12211040959501827	0.013844942634650996	0.06208357129377128
ADRA1A	Coupled	Coupled	Not-coupled	-	Adrenoceptors	classA	0.0274042812069615	-0.24296867362600996	-0.024291623295661747	0.45263306528113334	-0.5143840224270919	-0.3921092612756334	-0.15284622228545028	0.1776670210238036	-0.31585008828292666	0.38153740227016353	0.19090084308638022	0.09906694940548015	0.2912570674250644	0.016717611215581088	-0.3420883385445659	0.012992961176004597	0.012043640923037939	-0.03463783987526003	0.3861889352619786	0.14834939747222178	-0.1647969507420377	0.13696071294161824	-0.0523752583538595	-0.28046037676385366	0.08189931241201961	0.10490919067161078
ADRA2A	Not-coupled	Not-coupled	Coupled	-	Adrenoceptors	classA	0.06170093554210333	-0.18112558281516508	0.3089001976388595	0.4690848321162016	-0.2777575951925167	-0.4187891478479978	0.04785447420288141	-0.051775168645241565	-0.22832486768398133	0.23031735876896023	0.06807063822791404	0.0024135920600453714	0.08431225478521184	0.07303254327818985	-0.21183692998057102	-0.125652171853097	0.07561925636833221	0.24470116748473547	0.3305950313686229	0.06920733267844821	-0.14453597052142367	0.04116440696596419	-0.07537781134399596	-0.10739832740541345	0.06354752338970547	0.03797079290034016
ADRA2B	Not-coupled	Not-coupled	Coupled	-	Adrenoceptors	classA	0.00707692479899209	-0.14753133061849025	0.4840672707333149	0.4451178044540194	-0.10045557704448799	-0.09773149370105362	-0.01173199783423002	-0.16477497072135977	0.0035003742648641676	0.14221945791083734	0.043414613590784336	-0.2644411456976077	0.1408734374860531	0.2521890428895071	-0.40459628491290667	0.31665389534092836	-0.1075176478816742	-0.20815242590164937	0.17086062775239536	0.4711415691853675	0.07392948922760785	-0.003458705658091227	-0.12218896705316279	-0.07848641854934355	0.15165858081604855	0.3130553057789769
ADRA2C	Not-coupled	Not-coupled	Coupled	-	Adrenoceptors	classA	0.014003109488069957	0.2534782462517241	0.3366096746243518	0.22210626782880097	0.21815920399260186	0.3662797006144124	0.26496258757571717	-0.05366093234960829	-0.15700333957624243	0.1386075194926332	-0.05553936352286582	0.059443911579680826	-0.057024137683654066	0.20688341654903308	-0.2224772952757642	0.05922288393198367	-0.20550506928345305	-0.09328986959026238	-0.11678908974404029	0.7292843019576652	-0.26855823142899543	0.01957301953807068	-0.12407505291771508	-0.2115313000687952	0.07715454946302232	0.06224199555854371
ADRB1	Not-coupled	Not-coupled	Coupled	-	Adrenoceptors	classA	-0.029029163054430835	-0.09562500863020336	0.03179483267839626	0.16823994941627696	0.023618131811873114	0.37990298143035917	-0.2210445706384058	-0.006855500172791187	0.056215406247673134	0.4154729692103401	0.16573237252127673	-0.2974252477204934	-0.01743698164146765	0.10337811259392214	-0.09195775347906124	-0.17321470009382164	0.015726707442985346	0.09802829848052791	-0.10878508324396514	-0.05032079383509448	-0.24281809696337733	-0.07116901579055286	0.03152167001481628	0.07518876034237658	0.11005570865725994	-0.08072016596548216
ADRB2	Not-coupled	Not-coupled	Coupled	-	Adrenoceptors	classA	-0.24847624237367508	-0.061881707539774254	0.20583237540995025	-0.13577861393184776	0.028436876259279067	0.049799588873674694	0.25796547192719504	0.03746810497763608	-0.16879350377094157	-0.35794162205067764	0.14953985633943784	0.07762526211071243	-0.10084808754234507	0.16575416136529922	-0.09276012764756748	-0.09759598461053687	-0.07648033198161286	0.10251050086122294	-0.026769745587148498	-0.25137065287205496	0.03560507682034735	-0.053527657828854575	-0.13912731328527886	0.06273776868163772	0.06473794046037878	0.22262900463845472
AGTR1	Not-coupled	Not-coupled	Coupled	-	Angiotensin receptors	classA	-0.17074071835353247	-0.0880098115713303	-0.24387841749504577	-0.015109376541035278	0.34724412693315815	0.261452321497016	0.1048052800860069	-0.4085376045847808	0.4468905016837967	0.017904735738023585	0.3539651891381543	0.030479820805257775	-0.004773591475503665	0.1394101987157904	-0.17545488703439754	0.010325967450658568	-0.08414194606932533	0.012003180698861114	0.23054768527475855	-0.27918960149958455	-0.16268496511830743	-0.06553710640790114	-0.008914164735995558	0.27042164004568675	0.13881768921967905	0.16459012687472516
APLNR	Not-coupled	Not-coupled	Coupled	-	Apelin receptor	classA	-0.09878049709125773	-0.20225280508140467	-0.29231958694217497	0.08470712480603128	0.13072496802479788	-0.08897471284927583	-0.4328493284461844	0.3308478227108403	0.12560376283381544	-0.014652327154242587	0.10590701191092966	0.15700349168167374	0.2394356885617178	-0.006046537214779644	0.056018734254399016	-0.19811330480046413	0.03191557020254893	-0.12636435969483092	-0.06638264598030472	0.21197405620105977	-0.16097490413467866	0.1695967035499687	-0.009627488145424794	0.5592559515118237	0.03780916293769354	-0.15977530314169916
AVPR1A	Not-coupled	Not-coupled	Coupled	-	Vasopressin and oxytocin receptors	classA	-0.1503128990114587	0.010301853151009635	-0.14000794723910007	-0.06386165963465927	0.3226384042883576	0.04046447442130431	-0.08104068584886208	-0.010513730802210004	0.20727996408975013	0.0009127840214937758	-0.2121364578411588	-0.0034278386050477817	0.054001031367533994	-0.15409637316456845	-0.09029187507846108	0.07124159505534425	0.10958593952854839	0.03768947701177119	0.08394949961730172	0.48350267449759693	-0.18778216126902333	0.2559063573095839	-0.04607060709235364	0.32691559326886405	0.03643859594260421	-0.20448239403035762
AVPR2	Not-coupled	Not-coupled	-	-	Vasopressin and oxytocin receptors	classA	-0.18749252169711725	0.2243040470009572	0.14696218976882014	-0.1926098378412872	0.06945981213398797	-0.24862832313550956	0.1526361345575025	-0.12721242027749433	-0.3546318764318553	-0.04490904989522291	0.34529389628200263	-0.3403462509684235	-0.08996174688749335	-0.38122252127132217	-0.07382366014623723	-0.004131731636549328	0.20443173764597158	0.08711456251787997	-0.05197074803170813	-0.013703871202748049	-0.09534434608587322	0.029257468578296107	-0.26749986507188317	0.043397383727972916	0.02475300940347907	0.072732726713182
BDKRB1	Not-coupled	Coupled	Not-coupled	-	Bradykinin receptors	classA	-0.04853933613380475	0.2527483977444553	0.042638479275076684	-0.05329412400824097	0.1486132473984286	-0.1869239773849279	0.13936568502272276	0.09729790729498365	-0.23521247100359868	0.2880632770681783	0.212706928405637	-0.3171379428635271	0.04733740939555187	-0.10194132605471426	0.15111782638750035	-0.1924521824014104	0.03192409863827543	-0.10713860046112068	-0.05302114143422865	-0.12448167886502158	-0.039560741036372575	-0.14364852939298017	-0.22184884784428008	0.15444224047163901	-0.029530520116403874	-0.015016008249413368
BDKRB2	Not-coupled	Coupled	Coupled	-	Bradykinin receptors	classA	-0.21477722674895272	-0.07514800830585118	-0.031915783185432374	-0.1500438364768784	0.15380607125700188	0.08345239614449744	0.09389038107673024	-0.1666463930137032	0.007096082824434494	0.021836383857015782	-0.04499576060152177	-0.2073459391638437	-0.3572506275923661	-0.404476733113438	0.06914443266186629	-0.1710742516240961	0.03444136884090434	-0.18228815072374643	0.15593312089976374	-0.08649403402245531	0.1632927696282911	0.07573307148012606	0.025343539674425115	-0.07123138836956955	0.0076653695290502	0.17339645511559204
C5AR1	Not-coupled	-	Coupled	-	Complement peptide receptors	classA	0.4588999474993797	-0.13433688064545307	0.2363130606232385	-0.2469521587675518	-0.0875136915504152	0.5476316448904952	-0.049240375361531516	0.04229521059313228	-0.18753315090960207	-0.15535014301785108	0.07668817500293251	-0.013887655384879185	-0.1615409565415616	-0.14622028852222163	-0.2662838822211362	0.11966881075523672	-0.08806667153305735	-0.08653820451257929	-0.1500970000631653	0.006859628625504775	-0.14386569392210874	0.22285530034705098	0.19377138751809944	-0.05554377438658628	-0.29520181736727935	-0.016322743980489777
CALCR	Not-coupled	-	Coupled	-	Calcitonin receptors	classB	-0.17128655701013126	-0.24908543467333075	-0.2376582378789684	0.11087403395788832	-0.25647282581912667	0.0659426349197741	0.11304682491997602	0.05268548425419201	0.274196205666443	-0.13674056346089017	-0.00031145586714749013	0.19523806874342073	-0.2714868819904795	0.1349292438338906	-0.07798806657835432	-0.06678388390249718	0.14155608395570576	-0.041418980099743694	0.028993037129750144	0.02504885005814321	-0.17555775167406212	0.0026898767315541926	-0.03189666835059159	-0.09004095136876956	0.060802450731045746	-0.4399905360590401
CCKAR	Not-coupled	Not-coupled	Coupled	-	Cholecystokinin receptors	classA	-0.23588485797670233	-0.005538299532670372	0.03381729479373643	-0.1796455395475888	-0.13763794644139746	-0.10552792120262668	0.22288326415998413	-0.019243601712793115	-0.08581197767092967	0.02752824890498497	-0.008452515656864048	0.028722377693035515	-0.15962576962149821	0.07765734758807481	-0.07374410991481904	-0.2855374948864682	0.032819169931701773	0.06582817061190104	0.014033167542423817	-0.2520121729887469	0.01709999236730334	0.0010801568640176752	0.04745980429866381	0.34587270765815226	0.09532646507874638	0.18907775480066671
CCR5	Not-coupled	-	Coupled	-	Chemokine receptors	classA	-0.2650702334943187	-0.09373470588414068	0.2552690117140156	-0.13553365428374692	-0.024598142445385204	0.02212751307769933	0.15105705121663968	0.09671984743502647	-0.4135091793631379	0.004554010820880783	-0.02992790012198792	-0.03887116302117227	0.029262792908788412	0.24127627536584015	0.07148904540060648	-0.302737313385621	-0.1435588012367625	-0.25001142236643564	0.016825662759431665	-0.14888946690611773	-0.019299609627741948	-0.04731779963586835	-0.057016728567418	0.11390216410872409	0.03667623404820689	0.025166134945590106
CCR6	Not-coupled	-	Coupled	-	Chemokine receptors	classA	0.14323085040534367	0.3273671026560973	-0.23056614033969589	0.3512642776071205	-0.0888548423137979	-0.12458420875479881	0.018404231437356307	0.32941599128100596	-0.04317871643807057	0.14623425164550277	0.222475372764353	-0.016205359758443907	-0.45962390534910935	-0.07810410922476875	-0.2480622578856992	-0.053183349876240335	0.1720936799639227	0.34103983672306487	0.09390869001686304	0.08994489008579876	-0.06786464801027171	-0.09071279231535714	0.03261951134766926	0.23577550957251878	0.15942225248943467	-0.01592348213502492
CHRM1	Not-coupled	Not-coupled	Coupled	-	Acetylcholine receptors (muscarinic)	classA	0.18061703117756372	0.19548815465862598	-0.35440123312607447	0.4652114046753698	0.07833059513799416	0.3202955522402632	-0.34234850705967435	0.35841677742056677	-0.08311928239293875	-0.11477724798987263	0.047440816325334846	-0.17150591601538187	-0.34631697505937603	-0.09418822566463585	0.0036150927417727863	0.13718502652210823	-0.025215776762379415	-0.15887718443086435	0.03497488812645968	-0.15233897622643383	-0.18367926564617512	0.014034490493897095	0.03877006339345962	0.09273107546138715	0.07366319252270585	0.26029195957912493
CHRM2	Not-coupled	Not-coupled	Coupled	-	Acetylcholine receptors (muscarinic)	classA	0.355618068102221	0.5568269072643922	-0.4062800616751953	0.5180854268512515	0.2822146860392603	0.24746958861560522	0.19638060914024255	-0.052284622036367315	-0.2889506141470192	0.1287348385259775	0.021774376971521344	-0.045014586559082914	-0.04369155971058616	0.10679158197579035	0.12319505521189898	-0.0060169959593720426	0.12402405957708576	-0.10886415490238777	-0.14149486344620696	-0.023790983050101026	0.21920052982943095	0.008932336874350877	-0.12014767178256981	0.13272524009890024	0.012713251984389542	0.051328697111246394
CHRM3	Not-coupled	Not-coupled	Coupled	-	Acetylcholine receptors (muscarinic)	classA	0.18207568438124	0.2837233533997078	-0.35353426986131453	0.4182191314859817	0.023350274371535182	0.1509990742797343	-0.15726367197765448	0.17238179580795243	-0.2284105840102424	-0.34470016688653954	-0.15756094243771737	0.04437050181385959	-0.043502205374170544	-0.4673344436702833	-0.047891746933445514	0.17098949848961137	0.07618194630181904	0.03007473983505874	-0.14758052539875305	0.050285885828809204	0.1950192809466615	-0.1439068553971591	-0.1522992764448867	-0.035380720834422744	0.05579967972705457	0.132109412006316
CHRM4	Not-coupled	Not-coupled	Coupled	-	Acetylcholine receptors (muscarinic)	classA	0.1980142329296514	-0.13986449967688588	-0.01365305936483595	0.2454569836913882	0.39629990606018367	-0.06488548301585563	-0.03749460759101168	-0.11392711206396552	-0.17755317507557286	0.4351413714516179	-0.2599326151431853	0.49201084755274876	0.40450875901971745	-0.1595124313087828	0.5460583444685023	0.13461890565535536	-0.30886752279622626	-0.2182106101490782	-0.060697502973974776	-0.3185109504114698	-0.23181287934479217	-0.11354147087600468	-0.4174842860985661	0.03594373366062259	-0.2655937411074303	-0.04501639437618412
CNR1	Not-coupled	Coupled	Coupled	-	Cannabinoid receptors	classA	-0.09672009004104763	-0.26570795457250235	-0.3568238454940557	-0.025625848149444477	-0.09005457479658516	-0.19582022015884365	-0.09724720845100904	-0.06406580334946516	0.10492589655764215	0.44227469043524476	-0.1337197737934831	-0.05627903439667376	-0.04679136149840474	-0.09049298060037939	0.26841073230525764	-0.07890356602047492	-0.14823177005571228	0.15321189190334247	0.0884110022068788	0.050319054526592966	-0.15342579965248168	0.0895589355045979	0.12117560847403414	0.09448824483233371	-0.09926939390401616	-0.17094016353263516
CNR2	Not-coupled	Not-coupled	Coupled	-	Cannabinoid receptors	classA	0.3945325238343353	-0.3017154082558556	0.16848992151838668	-0.2658357021620396	0.19548923810686994	0.17072488298700267	-0.2676682281403961	0.16986083253411546	-0.1273863376456909	-0.07553764678414046	-0.12363964498176808	-0.007885149436122587	0.055248257811865445	-0.06256554806827712	-0.4067011457999624	0.1147309842092219	-0.1412169224392949	-0.04322910483383473	-0.004206583242613606	-0.17668183168087415	0.17204382737496487	0.5809016739911407	-0.3407233278063356	0.17183497132367348	-0.22009077036963984	-0.05641441745560622
CRHR1	Not-coupled	-	Coupled	-	Corticotropin-releasing factor receptors	classB	0.4254685555873327	-0.11355861331059743	0.1660491536735749	-0.3528934598393432	0.056767288319575206	0.2809275273906081	0.027424286217633712	-0.18437896291958136	-0.18816420908293346	0.06527729752770751	-0.18379150174599154	0.04629060617216185	-0.0884657051919473	-0.17019777980305156	-0.4631342891564876	0.11423762766727039	-0.07570935160573945	0.07145950820341286	-0.06250311020305976	-0.23352100917055876	0.08063393336121498	0.49925664749124055	-0.18395736893603623	0.012967210278339383	-0.23794912449090128	-0.12769384481087107
CRHR2	Not-coupled	-	Coupled	-	Corticotropin-releasing factor receptors	classB	-0.18625841469444024	-0.05837670680084327	0.37142464770545436	-0.04824857455723049	0.33422820032004524	-0.46302158862850396	0.3827401006094003	-0.29434494300027997	-0.25918811989179596	-0.02567027973335126	0.0609552092534474	0.09397699357135408	-0.0915823465648765	-0.001552672571449905	-0.03044905897745922	-0.3136569055965026	-0.019592048183919707	-0.025123302266538364	-0.03200761698320369	-0.16216293676713875	0.024047639493147262	0.01593640201937389	0.025877792033501507	0.13838230722674277	0.015153160442064873	0.06547020163754286
CXCR2	Not-coupled	-	Coupled	-	Chemokine receptors	classA	-0.21697943728937724	-0.3223987409003321	0.11744357649868774	-0.0810887295592959	0.23166040220581113	0.08536194362294221	0.133746905736049	-0.04603453420741351	-0.10618151648646858	0.13557516695325453	0.10326796935342918	0.11197249997751957	0.09770308428517108	0.15150031351999216	-0.12675193180225638	-0.010053236397205722	0.14601835264125682	-0.06353501646065557	0.058986177882392576	-0.2059587771764924	-0.12012273055124842	0.06810267700389917	0.1233606474489759	0.2937077632984624	0.08174412898342209	0.1493922256846113
CXCR4	Not-coupled	-	Not-coupled	-	Chemokine receptors	classA	-0.14766907687549763	0.1144300953553649	0.0044639071615353125	-0.10582818445785483	0.2838601092547621	-0.3783161509719218	0.4393197581549967	-0.3582712277384321	-0.3182392429649366	0.03131501376168395	0.16324860401076546	0.11958098715739486	-0.03157959682949117	0.10189063013869498	-0.04230181547216451	-0.16272041385275263	0.0653844999326211	0.03455769052256175	-0.05769919692640171	-0.02189775911793084	-0.03609512585064058	0.04216439672325474	0.16570146496874996	0.0989665502700452	-0.01385476488532037	-0.17080686144512935
CXCR5	Not-coupled	-	Coupled	-	Chemokine receptors	classA	-0.3988405572486316	-0.2528422305097951	-0.10742248108877979	-0.3091300723420532	-0.3678413663383524	0.1903375870853149	-0.054790145830871224	0.21674959049764872	0.1642938034528717	-0.22691404131760365	-0.17619283477339492	-0.013605157445964711	0.21466048875513685	0.10687158578934566	-0.06773537225349016	-0.07730771431391338	0.12557456507400686	-0.11437227422615098	-0.12811894297014909	0.14707963673109567	-0.1358902950661973	-0.0848318740818738	0.18521363163066645	0.05713338281920498	0.08686063904199501	-0.031292747043164426
CYSLTR1	Not-coupled	Not-coupled	Coupled	-	Leukotriene receptors	classA	-0.36181731005704687	-0.2893817050813259	0.29031405949240147	-0.23919870179901215	-0.08631069765272835	-0.16154788924065977	-0.0057344267338976145	0.031410036174059124	0.14827904825894667	-0.3649977379681127	-0.10760519826244046	-0.16884383968654532	-0.006010435132823501	0.0325750808627545	0.10699878179858824	-0.11456227080842339	0.012696549417919098	-0.2425539273856899	-0.1668223371409299	0.04724106670046618	-0.036069792234523286	-0.020476570375474252	-0.03031826909363226	0.09225848356351392	-0.002852645160130648	0.20107205464330152
CYSLTR2	Not-coupled	Not-coupled	Coupled	-	Leukotriene receptors	classA	0.039706605980547996	0.02838870563869202	-0.000907921775791717	0.25070098858613316	0.12895638089969005	0.3150886226665274	-0.2693723543370025	-0.12501688938124406	-0.006309903036695528	-0.14282130737915774	-0.04415351338613197	-0.38712269519701303	-0.003913548073964804	0.08806239835683255	0.1750921805431684	-0.25686061783209063	-0.01717419669048166	0.10751618925525201	-0.19337704039377282	0.0014701415362930327	0.059995630594766654	0.10793171060649524	0.05418664597815949	-0.29598638554877976	-0.010381699256339263	-0.05622064636662453
DRD1	Not-coupled	Not-coupled	Coupled	-	Dopamine receptors	classA	0.13928600546296713	0.21365000079859	0.13612614671662723	0.4149821991502105	-0.004924340912678132	-0.03409562336690598	0.29752875027939923	0.11994547299890013	0.4464750863325023	-0.19738475871690986	-0.42232574894357716	0.23089550043344226	0.09956446180944131	-0.1798391264687649	-0.04857054099854926	0.015457368079193637	-0.017704718182178444	0.09802605828468818	-0.155585095293984	-0.1284990752074973	0.3171325985011311	-0.06658133966427585	0.23914601157309434	-0.007639130040223012	0.03811369389405221	-0.12139904859636394
DRD2	Not-coupled	Not-coupled	Coupled	-	Dopamine receptors	classA	0.14122564143385516	0.28484098459082846	0.2567196680096354	0.2981261814899707	0.27095870515426135	0.15504150475645317	-0.23331656215508276	-0.42179489952343735	0.06693112218076025	0.14424513273054956	0.2914453529754538	-0.2261896312753262	-0.37490865351896513	-0.17189667049662372	0.06811227007791806	-0.07552677888351361	0.1541650531058841	0.14890118172929054	-0.15155850337259896	-0.0925327211956578	-0.06099368364216032	0.12313388728400546	0.1762498437313836	-0.07144674016355565	0.02566500209495593	0.0246891168883978
DRD5	Not-coupled	Coupled	Coupled	-	Dopamine receptors	classA	0.041281327075711596	0.44595018275397424	-0.19931604230958663	-0.08734328491587894	0.17086260148011545	0.16729188624629399	0.19889931103156133	0.11319965300331153	-0.02593625754875411	0.15958438338484582	0.10841899824429535	-0.028783027861744147	0.37400745698309407	0.3059598008647943	-0.04103922490489269	0.43268349902529024	0.3543342852951744	-0.2193616656700836	-0.15594428396963797	-0.02496319377309679	-0.14555296846540278	-0.23222238712223822	0.104271379529753	-0.11031893607259215	-0.0305691176533259	0.05926464362156416
EDNRA	Not-coupled	Coupled	Coupled	-	Endothelin receptors	classA	-0.04995289524710443	-0.0403007453661468	-0.20397515708534517	-0.053528181074211235	0.38949794385226844	-0.3351476904145167	-0.20109320697194552	-0.1057657797594377	0.38259815785446016	0.24208713096878007	0.27539883858200376	0.19618471850663746	-0.1480658623451217	0.5464308986632734	0.1911598538413449	0.24260457924056097	-0.02734427450585349	-0.3465051496844317	-0.3188652869795269	0.09782579425149318	0.3376652455064218	-0.01593974171564464	-0.16265078214920783	-0.25135781610200697	-0.17008486485530314	0.023639873761110795
F2R	-	Coupled	Coupled	-	NA	classA	-0.14070202663535725	-0.344868088992342	-0.3414078992176714	-0.1126112082508275	0.030102349984842264	-0.07463659043131002	0.07384183066235186	-0.12414203604808208	0.10405235270024493	0.08918661244558775	0.3666421604615658	-0.029760127889020275	0.018320168452419072	0.13166403865906115	-0.010248759091851226	0.35861211689649575	0.0926912955779964	-0.22684074797710654	-0.28651658203863506	0.1535552221180197	0.5297691890161779	-0.1709201487970683	-0.018081549577066494	0.02574862290349294	-0.053997220979930614	0.30624916992696644
F2RL1	-	Coupled	Coupled	-	NA	classA	-0.21084648618428883	-0.39569120289086374	0.16033034851168404	-0.1464195925671519	0.10094827651539813	0.24537928660696953	-0.4089568493789368	0.1388987313819489	0.016526055115731342	0.12260133849441393	0.0004771671538076778	0.03996878158902974	-0.21439874511257695	0.053707421906511614	0.17571204104335425	-0.09260291222251243	0.04414712515413422	0.17846906276706814	-0.006806146690428393	0.12567581667513608	0.38347280244140414	-0.07133309925585264	-0.15213121675476535	-0.22596601804241348	-0.08577040530534559	0.14822218539472862
FFAR2	Not-coupled	Coupled	Not-coupled	-	Free fatty acid receptors	classA	-0.19075661678879757	-0.03112261446990685	-0.09983791072625212	-0.17382554240155854	-0.03979571669252425	-0.0008183038062362046	-0.13538121130962763	0.19184774118378733	0.31344260003980673	0.27696804096310684	0.4052920276836382	0.033265576893056585	-0.36101394613604465	0.20033393139909647	0.08895766403592766	-0.20416161577637196	-0.022323404199507818	0.29513465022961854	0.04146015265249229	0.15100089330537203	0.1429435333173516	0.21723910334237428	0.012609006651344139	-0.14742447005992068	-0.05651525316857718	0.028303780799845447
FFAR3	Not-coupled	Not-coupled	Not-coupled	-	Free fatty acid receptors	classA	-0.17130292860572233	-0.14754164749049897	-0.3616374694501263	-0.15020978056283785	-0.15927811716563034	-0.37312991141064705	-0.08234668764024484	-0.000244276222577402	-0.3178467307267313	-0.06542365154069832	0.05757271777267392	-0.1651239167530328	-0.3151449924418699	-0.16203732278105237	0.1114335623089567	-0.018423826806114842	0.1270923225459416	0.12790027652972324	-0.27054794307776453	0.22472019489806447	0.1819398871895815	0.04296964554358715	-0.24757274386604322	-0.24307095350072647	-0.09110915461333137	-0.00388766660553054
FFAR4	Not-coupled	Coupled	-	-	Free fatty acid receptors	classA	0.4529812423573176	0.04170997351266384	-0.15239954714775256	-0.256784425710504	-0.0612620819277002	0.025163340565364845	0.11234928784641536	0.11889878948087367	0.19462972251265168	0.024471240432030063	0.03578150887634382	-0.21675538563011407	-0.04268626607319647	0.23823001665254875	-0.23113136529905629	-0.2212402567545861	-0.072243088068816	0.010646105946817057	0.16205173935595107	0.05288842007293594	-0.07151761153608129	-0.31330861839643365	-0.13138057341247897	-0.03982855996163952	-0.2564230334689659	-0.11832067128541131
GCGR	Not-coupled	-	Coupled	-	Glucagon receptor family	classB	-0.2375610168995246	0.11630247959891364	-0.012652903313354944	-0.13609191523266512	0.012731201689084646	-0.013176266508082684	-0.0543958218137841	-0.10785347258436456	-0.07826005718403602	0.1004452942314735	0.1118121497814234	-0.09422334817845096	-0.45851829672147215	-0.20689843316948753	-0.08145628138222633	-0.1417692542606043	0.01100583633950781	-0.1586384581200728	-0.02899975776516827	0.03733809003544618	0.01482061031577764	-0.1357137192837943	-0.08565990914607505	-0.16092909905605735	0.06039708528178493	-0.21179339501695013
GHSR	Coupled	Coupled	Coupled	-	Ghrelin receptor	classA	0.4940264999121633	0.023815349061370995	-0.05165197732730714	-0.22815465183780048	-0.04315344738950294	-0.15435726558813012	0.1301306796883131	-0.024787297304933963	-0.2070950391001607	-0.10008236422010633	-0.13057428648026367	0.061974134376039464	0.1291094301255337	0.06489857128604161	-0.14167756339797538	-0.24230314895177435	0.07281677011980532	0.11115343111348584	0.10411119126285505	0.08864166937108402	-0.09558791637498602	-0.41348643352004044	0.07705955738760378	-0.08840784609650604	-0.32830159488310373	-0.028833262598873487
GIPR	Not-coupled	Not-coupled	Coupled	-	Glucagon receptor family	classB	0.4934862610100083	0.1722666095408936	-0.17060742014541128	-0.2959934961877643	0.011911769860635838	-0.2522749714062461	0.04194807727221967	0.05123071351133204	0.22650271899051455	-0.019573782409954058	-0.14600602766000076	-0.09522852407396311	-0.013332825133982183	0.11712378558999566	-0.20599518447584098	-0.213306306262659	0.20041797327705851	-0.00988885602755425	0.024503170232414728	-0.029000030192632226	0.06278380575040945	-0.43354129122530394	-0.13836197309863832	0.028101299333435647	-0.2838234084621912	-0.026833750906132423
GLP1R	Not-coupled	-	Coupled	-	Glucagon receptor family	classB	0.5463470257972259	0.0026424603337969602	0.18212788950578543	-0.09238905006450414	-0.19586350108924483	-0.24676672536532818	0.04489628505727232	-0.056102205710512394	-0.06383972809487556	-0.3521359987908553	0.06846021961385518	-0.12673340386927046	0.10265038506295592	0.20281266982158455	0.0745438571321054	-0.21796441641992725	0.0651200832909952	-0.12872594843806737	-0.042375305747607735	0.22274116928820317	-0.13763312817517573	-0.007295918354762413	0.2487766093496315	-0.028315081180437622	-0.40472460750380246	0.1100650234933859
GLP2R	Not-coupled	-	Coupled	-	Glucagon receptor family	classB	-0.11907286460051819	-0.06307756716280279	0.1250292389161206	-0.03420480530302725	0.3842367301195594	-0.3002084859215605	-0.47244182261939494	0.19102323282501613	0.0319576505213953	-0.4760910605588463	0.19619687303769587	-0.3142495947929092	0.43221898811940296	-0.14019590356540623	-0.08190133402691849	0.45345785035925695	0.5120408093932178	0.16055745685156345	-0.22793143504098878	0.05940543345475605	-0.1990613589208249	-0.08390074760851172	-0.10964075122383724	0.21708856635822513	-0.004955777315667163	-0.1612067245241094
GNRHR	Not-coupled	Not-coupled	Not-coupled	-	Gonadotrophin-releasing hormone receptors	classA	0.003002131148911714	-0.2404423226402602	-0.0212596317469767	-0.01861734169186503	0.5215206382382742	-0.3873793242604748	-0.07043577926108431	0.41368347740454114	0.02287724089858155	-0.20502365635666062	-0.23810228442986836	0.2663063181496719	-0.2978781603205078	0.12153927929799489	0.2820195963636274	0.5021603380050333	-0.07527213437789276	0.7260132446581058	0.4264791090768786	-0.18836575943302564	-0.3495480289479146	-0.08154625974514525	-0.04088306781872159	-0.13298446809544281	-0.18588773962932842	0.3203632049399948
GPBAR1	Not-coupled	-	Not-coupled	-	Bile acid receptor	classA	-0.3239887027179802	-0.09943420520432794	0.24243036315534133	-0.18688187558309147	-0.21582188417021492	0.3074640716671813	-0.1115240610400937	0.14400999704330122	-0.28364516848458643	-0.1830032819722379	-0.0006216289538995652	0.1759115202207167	0.09287161877651619	0.14081062090430957	-0.07429232443100903	0.011861606879951487	0.055137583595969236	-0.19373998497011213	-0.07275723718958876	0.05144408876088192	-0.04127735298111562	-0.29364854181739125	0.05575980569460556	0.010886157497033	0.09470003994308886	0.05571336594586272
GPR183	Not-coupled	Not-coupled	Coupled	-	Class A Orphans	classA	-0.07857011048088822	0.13127742169732368	0.14405444546623747	0.05760790721438305	-0.3483418339623069	0.21386657404838869	-0.17780773355860693	-0.06581337051734425	-0.3953298388964678	-0.4457138405765429	0.2996844161790063	0.14954691102752268	-0.08005409428737084	-0.1700940121973249	0.3778083377215106	-0.031136218155035415	0.02762604931967295	0.019626565482397308	-0.023865752408320933	0.07308023414686146	-0.15784176144096793	-0.22133049724791876	-0.3429354029740688	-0.1868665144810539	-0.11431810448645945	-0.2739422911679269
GPR39	Coupled	-	Coupled	-	Class A Orphans	classA	-0.08091571457770794	0.3256525022880669	0.45245763164601926	-0.10642305588066915	0.3158153207714468	0.27221390372258736	-0.2683018108045283	-0.15947361605336108	0.12639152962929673	0.17719278576812314	-0.1601058434757931	0.35040966098162074	0.1883549279350905	-0.010940694381630903	0.05812731188223894	-0.1117948106695412	0.29365587134723076	0.12950255731421198	0.08778249495672547	0.024598673979345776	0.027231964232980792	-0.19415041567293267	0.03308266103698225	0.0776236259248908	0.0050475563982453255	0.1985344907793285
GPR4	Coupled	-	Not-coupled	-	Class A Orphans	classA	-0.1336476001061263	0.28892203898430624	0.5523371532295377	-0.18738385560483986	0.028417505873341187	0.2327362814773972	-0.2399350268368935	0.45868415738395374	0.04508044079653974	0.27007511133753453	-0.1874288566308028	0.1785138601600517	-0.14671694304389232	0.03996478266340548	0.07221932199917622	-0.04383889142608069	0.4571740218073177	0.07224888035340683	-0.03325144290731147	-0.16373912083725867	-0.0033559993081901736	-0.10687104126923051	0.08347947358914194	-0.1267090450752687	-0.0119240044503766	-0.05055870612848886
GPR65	Not-coupled	-	Not-coupled	-	Class A Orphans	classA	-0.08904509277146602	0.43704418537902257	0.3245235245186956	-0.15751282185909624	-0.1574684670387589	0.04838080804277367	-0.2797394763542811	-0.09185655225042738	-0.0160061426539084	0.29939789222998403	-0.10552825392898073	0.408736423559609	0.15679887470029893	0.15755358216101611	0.1283122634876828	-0.34637622968916004	0.2743509291304251	0.25181643092902223	-0.08133314024588546	0.17825843507713915	0.05755005198402065	0.060107970020062906	0.13194190090767183	-0.013766141121484752	-0.03324263570642004	0.11041942503814227
GPR68	Not-coupled	-	Coupled	-	Class A Orphans	classA	-0.05333763887941606	-0.29118129484851807	0.060460617255370254	0.20255743488470687	-0.10984560478519872	0.19811915402839284	-0.25662247907844643	-0.4989459360462637	0.16216050141598934	-0.01848865265145772	-0.21467221164586645	-0.2919512760951303	-0.25235470104770613	-0.19267970836763967	0.2956148694531598	0.09726786898538357	0.03577228091335549	-0.2597187098651154	0.2502244229332218	-0.05613669264459379	-0.2845770509764811	-0.10100220660258671	-0.1399658341932387	0.12718962985806184	-0.055000384640956225	0.03839245658094782
GPR84	Not-coupled	Not-coupled	Not-coupled	-	Class A Orphans	classA	0.5817022219917958	-0.028678635390035824	0.11118733113204889	-0.41976320783965854	0.01795021530992345	0.08955198017459401	0.10566834340955385	-0.3785253056104566	0.08485923479275143	0.038723199510124484	-0.257087624394367	0.022341199662666133	-0.09461330212788321	0.16574533431326774	0.2551098034222193	0.04415259343401793	-0.03394863127500884	-0.06520340383763902	-0.012460153541860816	0.12496131189999551	0.02720846250703059	0.09935415414956741	-0.08125503063852259	-0.1134694526561755	0.5418910161216358	0.025785657668601324
GRM2	Not-coupled	-	Not-coupled	-	Metabotropic glutamate receptors	classC	0.6244092943260305	-0.10713663346360239	-0.06338047513008735	-0.3482085664368257	-0.08009408238850224	-0.14147033343973944	0.07182793536156591	0.1910796495617635	0.07096741612300733	-0.023951503695645523	0.15694291243759992	0.01668197406345076	0.09898517268261704	-0.07928884673820458	0.1977927743185255	-0.008146075495562892	0.027077177405226683	0.0314494336434071	0.008864713003053219	0.006463744170650177	-0.03128663512513048	0.00031348995957937117	0.1168670492423014	-0.07689504451903964	0.5995753649834321	-0.07338419768942575
GRM4	Not-coupled	-	Not-coupled	-	Metabotropic glutamate receptors	classC	0.647956509943119	-0.11523639530906989	-0.07509884617746343	-0.31218809649487916	0.11861681878185662	-0.27337654179648857	-0.16103156252598191	-0.052969400083674456	-0.11055674776805428	-0.010544334538539743	0.027385477632003278	0.13221105721317328	0.040156595588949004	-0.004402645093982329	0.25344200775756054	0.05988230746543201	-0.013118076432986493	-0.00307200164371245	0.032771453198640534	0.07077300809559939	0.08314878869764458	-0.01832753735284295	-0.1621378833880967	-0.07986216543445945	0.554758986307784	0.0191022351135736
GRM6	Not-coupled	-	Not-coupled	-	Metabotropic glutamate receptors	classC	0.6112375941080311	-0.23556098967990868	0.12339223856651364	-0.3091456134664845	-0.05215609769679538	0.04830551271219858	0.031331234107395786	0.211485161140695	-0.0408281536371523	-0.08053201290803084	0.13059603185938998	-0.015110526408740232	0.013778284388315526	-0.08210944568608187	0.2658588100231581	0.03830088053326349	-0.052407125744127536	-0.03495203013119173	-0.035705520273910385	-0.09638456436833015	-0.111134633896798	0.023283668859318207	0.09711433013308904	0.005021205504385763	0.5737953493868684	-0.011042698171935962
GRM8	Not-coupled	-	Not-coupled	-	Metabotropic glutamate receptors	classC	-0.14778277802386794	0.2841844419802907	0.20831978198034296	-0.16425151882008157	-0.17203413854931568	0.04889145769209744	0.2776087182149561	0.07272834011331068	0.41059183802906607	0.07629220566674492	0.3919102067375244	-0.11903814666695338	0.5276926340591639	-0.291047809565662	0.05173190198472958	0.0810968065762349	0.1743940716386562	0.21635150094186312	0.026490518778922636	-0.12884935788229185	-0.009519728208222625	0.249027973826662	-0.22341103305318777	-0.1672752053291627	-0.050135091683132765	0.03251533415435168
HCAR2	Not-coupled	-	Coupled	-	Hydroxycarboxylic acid receptors	classA	-0.07492396830865489	0.2896214794814425	0.1494657179782224	-0.09050787734218006	-0.233879233820146	0.08197891288441155	0.2805145184019094	0.024019716492433216	0.43966617010091363	0.05351783219174964	0.4067559498068819	-0.10230198074332025	0.5436171858884321	-0.22502633216204534	0.16971864701153566	0.02278411032377829	0.10832266031698298	0.2158502913157731	-0.006603034143132422	-0.11584151463026404	-0.021155168560753397	0.2927423123054101	-0.23005616290552042	-0.14904239775978706	-0.095850338252997	0.09946501256401494
HCAR3	Not-coupled	-	Coupled	-	Hydroxycarboxylic acid receptors	classA	-0.036155610819678566	0.1355563406769365	0.06925330360032365	0.14452731224836307	-0.1740954589687111	0.04592206380291069	0.1576459989745821	0.018552006216308196	-0.066043679236895	-0.08938735515080977	-0.05433604163129164	0.3282568553185741	-0.022156404733106008	-0.2953232698772971	-0.047579116294583064	-0.1408788472059324	0.15227242208172156	-0.04161552712965865	-0.1413689210354845	-0.09742473842390605	-0.02486785402058479	-0.13684370625413342	-0.13682863100995438	-0.04281877093023546	0.03737805495088504	-0.14295830986318117
HCRTR2	Not-coupled	Coupled	Coupled	-	Orexin receptors	classA	0.2037514494662221	0.19000529797593402	-0.07564506540801859	0.4248006113204543	-0.03487434945608827	-0.06243250819929242	0.014024289847183827	-0.10558114303954073	0.1345596508314962	0.043227524229816995	-0.3726347600870431	-0.07719506061444423	-0.016180691683116536	0.36735938807314017	0.20060707564852037	-0.27343953488993156	0.2367632144262891	0.06002858451729278	-0.15494679679564008	0.02455133636025852	0.13352142058864896	0.16843625023209263	0.08900549373474377	0.18663022817126723	-0.017470514616142106	-0.001819731509910029
HRH1	Not-coupled	Not-coupled	Coupled	-	Histamine receptors	classA	-0.11347733759624933	0.12625446525952538	-0.1916912183920105	0.04575239611035756	-0.12544370996456639	0.14264845713992866	-0.0014148602073455767	0.14039840658052125	0.011251591069939922	-0.03627337285791863	-0.4775239696191401	-0.042899628909156454	0.345827762809539	0.13520120531164243	-0.12901448226583062	-0.3254665052887026	-0.1999016357000948	0.17150225868981797	0.18655707192981485	-0.23382098456078396	0.25252074888140075	-0.036639170370323236	-0.1686037037834118	-0.04041944704000024	0.10518381689022041	-0.054317644525454054
HRH2	Not-coupled	Coupled	Coupled	-	Histamine receptors	classA	-0.014987838476698916	-0.22629049793943545	0.2940038744194948	0.41476723464130527	0.03423839868757352	-0.05752131484527952	-0.1399774069609781	-0.14240744592428933	0.27360519956042073	0.024145199192380108	-0.07179290917577437	-0.3445716942120582	0.15381570071569264	-0.08038390768363904	-0.2386637849227406	-0.008594462620807337	-0.05772299522576519	-0.13146410208515935	0.25619617688540375	-0.10945621475170979	0.0473258602433683	-0.1361581815269523	0.062117485930781265	-0.10279116837685617	0.13783895985502467	-0.09302420856703232
HTR1A	Not-coupled	Not-coupled	Coupled	-	5-Hydroxytryptamine receptors	classA	-0.05839349851334691	-0.32649133742160796	0.05077951317701948	0.26315606716186835	0.1518437364433604	-0.3325519886236021	-0.13095223651847426	-0.11546719609799361	0.17591596835703185	-0.04483845555395202	-0.19291903789494566	-0.08393777700594215	0.0253718846448175	-0.17352773422218234	-0.26509717444386355	0.0393927179002748	0.19858036809503193	0.004409619092788945	-0.02952723198583592	-0.13621741090498127	0.11232117254661513	-0.1959380838038995	0.07193247774895696	-0.16209656433814096	0.11140647738880552	-0.11926361731092652
HTR1B	Not-coupled	Not-coupled	Coupled	-	5-Hydroxytryptamine receptors	classA	-0.08355229105594862	-0.2735512631517304	0.17405925026588653	0.24540854835974862	0.29874175545459347	-0.25050516991336125	-0.007621945632991413	-0.3304587669907082	0.07998851693904607	-0.23759299494555475	-0.3360257418006066	-0.224824548234446	0.20756227960874526	-0.13348698166365733	-0.23421070441079145	0.11305497838754357	0.04124589707405003	0.05301782601307183	0.0005808756005710171	-0.1807103035114256	0.2681937372865672	-0.1293261095844241	0.022445459260058535	-0.17080353183201943	0.09554922353584466	-0.1563453254524478
HTR1D	Not-coupled	Not-coupled	Not-coupled	-	5-Hydroxytryptamine receptors	classA	0.020803674313383015	-0.2585207089612113	0.17910761082073598	0.3057407696426857	0.23059131302429162	-0.032618154413054795	0.022795254863769036	0.3270816353555804	-0.0908576985660321	0.16283521119360242	0.06471115380287339	0.01797394489431619	0.04022475212426733	0.5886972028710798	0.11349682070393359	-0.13577537597245223	-0.09024796205969578	-0.10496067682522117	-0.12008934482113136	-0.1381355800869483	-0.034604640753760435	0.25877288284274585	0.05003035034339528	-0.10154402226979241	-0.0390580201435636	-0.3225635833048915
HTR2A	Not-coupled	Not-coupled	Coupled	-	5-Hydroxytryptamine receptors	classA	0.05832638046127516	-0.3954991476554632	0.292177866950217	0.36982466252897367	0.07657155117092933	0.07614447207091155	0.33390556695276297	0.2970236139976131	-0.15390881728417585	-0.10830676191936377	0.12488725427684035	0.06411410125060421	-0.1787531582313331	0.030761049917450396	0.09341325693127171	-0.06449682482308502	-0.06075686706633065	0.0747659667846052	-0.24250881511535458	-0.18786040730317424	0.272767325642533	0.04670534342259684	0.07520042984096172	-0.01663078273977413	-0.037612193294225424	-0.15344702776094604
HTR2B	Not-coupled	Not-coupled	Coupled	-	5-Hydroxytryptamine receptors	classA	0.032830234542357666	-0.3697573842652451	0.2814872173091151	0.2924612840521994	0.062416363942026716	0.15596475343053817	0.27750033306345967	0.5174839219803987	0.001312033097879147	0.11350642455830492	0.17316451113342118	0.08404029214393315	-0.06104154614099818	-0.11888171806352006	-0.03716086008356971	0.10820536116404243	-0.020747250711266586	0.17393850597399502	-0.2715907653993806	-0.11001774103260797	0.15387708920215126	0.0494513021874374	0.2700183102085637	-0.09505573212728753	-0.015950846491958354	-0.04091689709532834
HTR2C	Not-coupled	Coupled	Coupled	-	5-Hydroxytryptamine receptors	classA	-0.09836674377776526	-0.07386117688324861	-0.1172379742387214	-0.06729816416237419	-0.11575174633192728	0.1317527124767473	0.2219669586149107	0.163307285481017	0.1204665309693283	0.5091069325953792	-0.3052856459468165	-0.10518493955805888	-0.12359698450411023	-0.4131995665052156	0.06053115520913204	0.07045094024634485	-0.15543755581864385	-0.14970433854192097	-0.13749643514387466	-0.02039643071987313	-0.1614406119357008	-0.13861035478633596	0.049979261863549236	0.05365413717563786	-0.006819760133329582	0.12346094777310511
LPAR1	Coupled	Coupled	Coupled	-	Lysophospholipid (LPA) receptors	classA	-0.07933922717571992	-0.007682844897431401	-0.1409961939686772	-0.10999479406535845	0.04954037737357351	-0.05582646654600706	0.37422010971985076	0.006759481600609263	-0.04100494657718437	0.4272824337235198	-0.3392820497899564	-0.27053290982578265	0.10352215197426441	-0.3723613443698405	0.15373187605903463	-0.013331119604478895	-0.26930618285864216	0.24030526238409927	-0.2058379802038055	0.24697781077247655	-0.15604399376626593	-0.08549925030754556	0.14430289383631884	0.0060333800591691605	-0.06828567527523127	0.04727399137367741
LPAR2	Coupled	Coupled	Coupled	-	Lysophospholipid (LPA) receptors	classA	-0.21706913263719652	-0.04140632414460151	-0.2776359287024207	-0.16700994135561617	0.32711636089544505	0.285851142728723	-0.028253573362880924	-0.062043861731004235	-0.40574136746728956	-0.25591388982149876	-0.2036661370873476	-0.3138298976140789	0.3776704799724405	-0.05008089340340328	0.2018540954684404	-0.27250232969553834	-0.06835123620644802	0.0018545965494088715	0.32056387513893864	0.24768356779452874	0.12289099823319151	0.10583144960681934	0.12314137091782566	-0.26526565460704743	-0.0539262826022799	0.08085804657310983
LTB4R	Not-coupled	Not-coupled	Coupled	-	Leukotriene receptors	classA	-0.20165656815730681	-0.11593378607108186	-0.37796040352264326	-0.1595165196089264	0.515309773870434	0.079611704066438	0.09817722790292495	0.20958320964846153	-0.0008185895892694332	-0.34545950577409823	0.057903802399727734	-0.15899351961375593	0.05883696976067836	0.08894911280518517	0.17805496184670233	-0.2176608476938065	-0.1337293527771469	0.2486577603953974	0.35605956875078604	0.34876932274499917	-0.14113125144869004	0.1811475198944249	0.2515327499970181	-0.21194937918708037	-0.08165276721142306	0.02466165044925489
LTB4R2	Not-coupled	Not-coupled	Not-coupled	-	Leukotriene receptors	classA	-0.1845869814987618	0.47548485769572174	0.31318786502853674	-0.17143539330380303	-0.34921742887021284	-0.41766448785783417	-0.19159052204476182	-0.06495712697401013	0.20121932741537515	-0.024925651981338996	-0.14661723066655707	-0.025836444525408862	-0.22603888395609417	-0.08265133104781183	0.026343565481114124	0.2657676762071765	-0.44511332774881324	0.04941389167488233	-0.39239208177369184	-0.017397884796315	-0.22802230764927006	0.09803408394635689	0.17983789442999595	0.020696484979892234	-0.02078323356188344	-0.08419750577860913
MC3R	Not-coupled	Coupled	Coupled	-	Melanocortin receptors	classA	-0.15612794464600843	0.3210305569763097	0.1578431719175118	-0.1302961779460505	-0.21575509405711674	-0.30801214885670525	-0.2021186522258558	-0.08117181110023856	0.11382225183566379	0.07785484966766716	-0.1356233654901837	-0.3117740551215353	0.08529484688990466	0.11131538937983368	0.1223878190417861	0.3013882645388489	-0.45025895320369225	-0.11880343437794279	-0.25441581748062375	-0.08728361954698521	-0.22181162172670768	0.1443517319695747	0.1744657278498451	-0.05546001550836412	-0.051899953562542386	-0.03981908048700295
MC4R	Not-coupled	Not-coupled	Coupled	-	Melanocortin receptors	classA	-0.12952598232666201	0.045114891527753054	-0.260527934587717	-0.10460407157325363	-0.3149346127799662	0.10713221756787138	-0.34783717700510286	-0.3331689882929595	-0.2882584903001737	0.03339177030813425	-0.32772316147763914	0.11971590642026315	0.021237947516165482	0.13437471988096714	-0.1291742751015693	0.17884889559886477	0.06126689676017852	0.18631023486830864	-0.04139035591387114	-0.17784743527918723	0.18800663030033185	0.10414645174596333	0.04909424748632587	0.05508745175370837	0.05958202218823569	0.2766722215496341
MTNR1A	Not-coupled	Not-coupled	Coupled	-	Melatonin receptors	classA	-0.0882729727805062	0.03179289114337648	-0.3340219521519727	-0.057998520423072374	-0.2789518593404686	-0.18314285147487197	-0.28103097567788965	-0.4052339818643375	-0.4010443824312881	0.057590801084973504	-0.2023519078697909	0.27867755975698033	0.09995850400394572	0.022663320578639474	-0.14573333986652673	0.08905668812385198	0.14954203764829002	0.2149117032233436	0.020648168330446266	-0.03523255566615017	0.13618211420898577	0.20412644251516365	0.20903734095136658	0.08028965562785802	0.01479559085211526	0.2240236969635666
MTNR1B	Not-coupled	Not-coupled	Not-coupled	-	Melatonin receptors	classA	-0.02545780979363249	-0.04379702764423722	-0.4398861145773827	0.09395571238033668	-0.3437696966236243	0.008376343859327522	0.2702858840076204	-0.13723788746399318	0.17945638996634272	-0.063843709156473	0.06762748605593613	0.40809920796431126	-0.18069996362670174	-0.05150585635419732	-0.1522678215620857	0.019998638044491025	0.06024953987066441	0.14827123871606462	0.04673153239257327	0.01939787045886553	-0.1024130239155958	0.09146074323820572	-0.19588405678406368	-0.010607048510942898	0.03661590705795104	0.07757428207526032
NPFFR1	Not-coupled	Not-coupled	Coupled	-	Neuropeptide FF/neuropeptide AF receptors	classA	0.14626417439705294	0.13018373731570645	0.10945985962943235	0.25807034307071225	-0.3131350900096772	-0.35321355538311255	0.002983388541278372	0.3896234698088503	0.31825703578328995	-0.3307531265698306	-0.17305625369773123	0.02825340253991805	-0.22666708869615637	-0.01937337783438602	0.352163902933464	-0.3017972805894948	0.22494910706912213	-0.7150025271171345	0.18530607045281125	-0.11042745224462452	-0.16438511848134246	0.3383649830740928	-0.1143963142008	0.001982068797581628	-0.14715121679042065	0.5449745459140007
NPFFR2	Not-coupled	Not-coupled	Coupled	-	Neuropeptide FF/neuropeptide AF receptors	classA	-0.14294384373384822	-0.23907011764415764	-0.2314370654364758	-0.045771459212222046	-0.0526801518246874	0.3110187916634403	0.4145420297271076	-0.0335500016476221	-0.06009906691622459	-0.00015477801616060262	-0.11677797093811046	0.1339187845227766	-0.05424901799653045	0.2293563812070274	-0.24428295635161945	0.2960789353311266	0.233683529459544	0.012638580362119815	-0.11081585754993638	-0.18019229120127225	-0.452910587890812	-0.10606633941809558	-0.006803045208685317	-0.17689982120329267	0.048925712535647634	0.017617772477729502
NPY1R	Not-coupled	-	Coupled	-	Neuropeptide Y receptors	classA	0.002099237470639214	-0.05318209028534634	-0.3496915617361848	0.17034467013761015	-0.08265126389621817	-0.023212615953501003	0.43665058403954876	-0.49996016133206567	0.016554117438468893	-0.26619588948440337	-0.2888679831247717	-0.09335970852826275	-0.09910465302333825	0.24764310856366542	0.1434434050800457	0.12345691014123435	0.528291778415702	-0.05684650965751702	-0.16789872598201847	0.030298654640246746	-0.2763532419970751	0.33829360017202353	0.07012333293772217	-0.11724517902683643	-0.07557791867075989	-0.2597862034231735
NPY5R	Not-coupled	-	Coupled	-	Neuropeptide Y receptors	classA	-0.1691603342567015	0.3830279717095476	-0.08961441942038524	-0.0598538345384613	0.14140589877079526	-0.10822049999867957	-0.15057087533938313	0.07032325367232134	1.870102743461629e-05	-0.07546406903580671	-0.05811948081084865	0.3147899770087504	0.09723953434555709	-0.174932036146506	-0.31430296482786046	-0.049006170627378526	-0.31864336137081084	-0.21734657629093315	0.0658493629738046	0.1309351293996425	0.06766315888840907	0.007675577566297561	0.056125031149718424	-0.1744971678984372	0.09297261547241487	0.021985795516265873
OPRD1	Not-coupled	Not-coupled	Coupled	-	Opioid receptors	classA	-0.15681696356132688	0.17646012744307854	-0.2065896787854249	-0.024893278978224707	0.12197114744405123	-0.21410472618808674	-0.21429163839271514	0.05951625641057877	0.022692813624693497	-0.046950631572410514	0.11106809511852793	0.401986014747795	-0.018152404690433024	-0.1194431587621814	-0.18134158115752805	-0.039707379317555865	-0.1836541674344024	-0.2602497831132252	0.012962369366427667	-0.16020600750732253	-0.03315638243926751	0.09310430221829907	0.18514515875396434	-0.19732351805903128	0.02727137018136	-0.07513997047763268
OPRK1	Coupled	Not-coupled	Coupled	-	Opioid receptors	classA	-0.2007481441326308	0.28265529377308357	-0.14340835693673287	-0.09351206722507409	0.19155023279314445	-0.28991100049269947	-0.06053338987638471	-0.049755166431613256	-0.009818080289368687	-0.13873687587474492	0.24812055196009625	0.15777700474406492	-0.07122627083002435	-0.17856840737613267	-0.1805411420219129	-0.07426633078554921	-0.3754302663398676	-0.01964512013150076	-0.05282657032621023	-0.026095036163609968	0.07268361817677843	-0.003787673108922089	0.23446861685476733	-0.08858276346451888	0.05619857608866914	-0.1355283259040768
OPRL1	Not-coupled	Not-coupled	Coupled	-	Opioid receptors	classA	-0.10581479015481335	0.3950793898999519	-0.2933204728471447	0.00011270058455639387	0.131066335447513	0.003850393462014585	-0.1497484500722377	0.05310971761221144	-0.02962562652987724	-0.13835504138591254	0.11733709800870781	0.38464169737442994	0.21159627372468148	-0.05171278855595047	-0.17699468117730238	0.010160866770871248	-0.18416811629044103	-0.34230274931228294	0.07368523598060603	-0.167792916008854	-0.13253910228492294	0.10771743045893907	0.06384517832099486	-0.2821272449207928	0.02296599692534839	-0.12212611260406366
OPRM1	Not-coupled	Not-coupled	Coupled	-	Opioid receptors	classA	-0.1479365348014809	-0.02185874859414255	-0.016436560157745125	-0.013861764577025421	-0.022936291667065963	-0.04777200580961494	0.02306381915289894	0.20833896748669065	-0.08126840494084983	-0.05728604085901461	-0.1299290398016266	0.19009506281267374	0.029651016467526065	0.00503392002395185	-0.14674769240394284	-0.01599917480693164	-0.0687405184033366	0.04682568113132555	-0.2678987596305495	0.5484026705822045	0.1752281353423283	0.03595407927466281	-0.2978589851123889	0.5384011016823362	0.08002978182948887	-0.11421242661631813
OXTR	Not-coupled	Not-coupled	Coupled	-	Vasopressin and oxytocin receptors	classA	-0.2327802414727652	-0.21194842216557766	0.054544836227793436	-0.15351900081978415	0.08155403855548299	0.2504384331485834	0.15649228507777577	-0.2080356602087076	0.5351733914227539	0.03479729780689207	-0.10178251738271035	0.3088560161154522	-0.031942390009045196	-0.37872002457041537	0.015121864775437293	-0.048350665000247796	0.1675281652756139	-0.07322613668721599	0.13608486776912973	0.20623389108929704	0.0891062019298428	-0.02020412346982261	0.04308383962196795	-0.10191657618935039	-0.02055364889200322	0.09881131725586115
P2RY2	Coupled	Coupled	Coupled	-	P2Y receptors	classA	-0.004444414273230832	0.5127867680829641	0.42772556827397995	-0.011776723189215724	0.09173837734532178	0.0719119446038575	0.5818915058008501	0.1315916085648623	0.09924638483936714	-0.26993925726843016	-0.11371490005724134	0.05080214353271058	-0.32185911382327825	0.07742631370870708	0.11223058123242909	0.529405916225515	-0.2927291529045846	-0.09015446126273932	0.6138164865267047	0.2934236437221301	0.2922606738429509	-0.010618565922398373	-0.03896898069175934	0.2595857448279237	-0.05019156167923578	-0.12606454058932262
PTGER1	Not-coupled	Not-coupled	Not-coupled	-	Prostanoid receptors	classA	-0.18115468022679837	-0.19591286649714976	0.2157709182020404	-0.09266399299792015	-0.2669514605471256	0.0465627098476781	-0.20876099282534713	-0.041152310072501246	-0.037781010616515245	0.2269531526755211	-0.15035924780237322	0.1994919358695756	-0.19887628540015512	-0.08596265900784116	0.21416251351546717	0.25256898174446063	0.19452115702355055	-0.09391649745108238	0.27939721198917633	0.1390137237004437	0.11570316099094567	-0.10706666612466112	0.0015901868296988846	-0.024146618661976687	-0.07476938422402268	-0.3634321054076804
PTGER2	Not-coupled	Not-coupled	Coupled	-	Prostanoid receptors	classA	-0.0558012873376488	0.13239873289469037	-0.06356337902538778	-0.04016678279756737	-0.1388578534819649	-0.14092173366293034	-0.07267813445536658	0.08242696603887398	-0.166941261190401	0.17836184852855289	0.1201051199730871	-0.24473039962212595	0.13149584991946234	-0.040527518867993634	0.24045641339065563	0.2067994838742533	0.16251086694333897	-0.27016527673492446	0.4896197129578848	-0.10118441451465424	0.2812141944788835	0.05573802530816792	0.12534584192240758	0.20515741946934488	-0.06856706879029138	-0.3596470952952024
PTGER3	Not-coupled	Not-coupled	Not-coupled	-	Prostanoid receptors	classA	0.015954227703366814	-0.3678210260239199	0.017267175300191454	0.24368862290149296	-0.44799499827975414	0.29171304290659195	0.056472211977374114	-0.4478862142802473	-0.06755587644784147	-0.24355000285408707	0.48010922462082123	0.3576084067069543	0.13660791359346156	0.0561766399379395	0.4142505266420564	0.2073246013463923	-0.2437200076181973	0.12425491063454669	0.17078928154197182	-0.009641703900587722	0.14078679896358107	-0.10846426871290525	0.0028221055176770138	0.16085206142816863	-0.12935317896574486	-0.1587570387059588
PTGER4	Not-coupled	Not-coupled	Coupled	-	Prostanoid receptors	classA	-0.03984623278530655	0.30669436422215096	-0.16816015420878075	-0.20355145045804177	-0.28679475093755596	0.10878682618288926	0.0850900159447124	0.21962912771325227	-0.23841039034472913	0.20400239663976008	0.0030735956641137646	-0.33845989914086294	0.08506458592581777	0.056525458758846334	0.1892114925177638	0.3524700980445961	0.2064460775416418	-0.041607568098223864	0.33222127848093735	-0.17978908127070295	0.3975324232806807	0.10257876941877227	0.44031931029385996	0.07920267133863834	-0.06652163109494166	-0.0722777133678873
PTGFR	Not-coupled	Not-coupled	Not-coupled	-	Prostanoid receptors	classA	0.5585898865756597	-0.2711534590839208	0.1477701954368246	0.02651757967586497	0.028309485543449364	-0.01736115853281596	-0.25325016895959396	-0.25688463381760984	-0.044634679022184286	-0.01727048258588715	0.3847246253165113	0.20165466607202887	0.01148433838377426	-0.27649242985376954	-0.0723610861179206	0.08679763846947648	-0.091648323802562	-0.08095998001599405	-0.06450051602005243	0.1294076974520975	-0.07404427222873122	-0.22206904227906202	0.6187523012574311	0.23212647973611206	-0.3042162816630236	0.16871206893939675
PTH1R	Not-coupled	Not-coupled	Coupled	-	Parathyroid hormone receptors	classB	-0.08695515362375035	-0.3991085055517263	-0.21160919667570136	0.02709974428629447	-0.11406479021252917	0.07865845118933326	0.29204382644005855	0.2780519709675525	-0.199954603464736	0.30741526257470225	-0.15124882637191966	-0.19548031495599794	0.22717245259248425	-0.1759594049887354	0.17661699094054156	0.08115904337280258	-0.29588173253320244	-0.02993004187672002	-0.2673135367370833	0.07810971167917888	0.024304475734943435	-0.146907015151673	0.008930228165000583	-0.006568764284709992	-0.07403217291945421	0.15337758194697954
S1PR1	Not-coupled	Not-coupled	Coupled	-	Lysophospholipid (S1P) receptors	classA	-0.21928550102490482	-0.0467278670340947	-0.363889225986346	-0.06469597246957498	0.06823317951823403	0.2525225558054472	0.05421037605706349	0.16936448439447402	-0.01930462650331824	-0.04242484019979487	0.2015712614791536	-0.07046496404999757	0.040244302506883156	-0.005387942338842587	-0.23393208721969078	-0.10807504863891007	-0.11575316831631681	-0.30339123208995955	0.14373732852403046	-0.20756670687367845	-0.04766459104610164	-0.09801542675584912	0.05663558073074411	-0.047225037571082935	0.12049584511745527	-0.007238170899673264
SSTR2	Not-coupled	Not-coupled	Coupled	-	Somatostatin receptors	classA	0.424062594438252	-0.12766753035477274	-0.20911492995910588	-0.2842303417509213	-0.1424053833578007	-0.06305360006262413	-0.03264805078299599	0.02534614821684553	0.42386855364882736	0.24638060505669235	0.02272054562190604	-0.13124021105203676	-0.09138125965007346	-0.013197392591577107	-0.386488458134471	-0.17086624161872527	-0.036478479767952446	-0.041875929046515666	0.15203231725145513	-0.05423908172809551	0.12511181606595156	-0.12168244627512255	-0.2293899839327924	0.02319489100425665	-0.2214134169250798	-0.09335948198292955
