Gene	IUPHAR	Shedding	ebBRET	STRING	Family	Class	PC1	PC2
ADGRG2	Not-coupled	-	-	-	Adhesion Class GPCRs	classB	11.305373191833496	-3.404256820678711
LGR6	-	-	-	-	NA	classA	10.371747970581055	1.5761488676071167
ADGRD2	Not-coupled	-	-	-	Adhesion Class GPCRs	classB	10.83834171295166	1.549236536026001
GABBR1	Not-coupled	-	-	-	GABA<sub>B</sub> receptors	classC	10.888208389282227	-0.5530610680580139
LGR4	Not-coupled	-	-	-	Class A Orphans	classA	11.111543655395508	-1.7491220235824585
GABBR2	Not-coupled	-	-	-	GABA<sub>B</sub> receptors	classC	10.460648536682129	-1.4752154350280762
GPRC6A	Not-coupled	-	-	-	Calcium-sensing receptors	classC	9.880996704101562	-5.583603858947754
GRM7	Coupled	-	-	-	Metabotropic glutamate receptors	classC	10.892704010009766	-1.5570565462112427
GRM4	Coupled	-	Coupled	-	Metabotropic glutamate receptors	classC	10.25920295715332	-0.643892228603363
ADGRF1	-	-	-	-	NA	classB	9.501051902770996	-3.316490888595581
GRM8	Coupled	-	Coupled	-	Metabotropic glutamate receptors	classC	10.670751571655273	-2.2563159465789795
LGR5	-	-	-	-	NA	classA	9.466219902038574	-2.181560516357422
ADGRE1	-	-	-	-	NA	classB	7.223526477813721	-1.8054420948028564
GRM3	Coupled	-	-	-	Metabotropic glutamate receptors	classC	10.856794357299805	-3.030933380126953
GRM6	Coupled	-	Coupled	-	Metabotropic glutamate receptors	classC	10.84145736694336	1.099686861038208
ADGRD1	Not-coupled	-	-	-	Adhesion Class GPCRs	classB	9.215879440307617	-1.992335557937622
GRM2	Coupled	-	Coupled	-	Metabotropic glutamate receptors	classC	11.153356552124023	0.06172933802008629
TAS1R3	-	-	-	-	NA	classC	8.057414054870605	1.56482994556427
TAS1R1	-	-	-	-	NA	classC	8.068550109863281	-0.5731563568115234
TAS1R2	-	-	-	-	NA	classC	8.255166053771973	-4.109776973724365
ADGRE5	Not-coupled	-	-	-	Adhesion Class GPCRs	classB	7.032312393188477	0.3864800035953522
ADGRE2	Not-coupled	-	-	-	Adhesion Class GPCRs	classB	6.0872907638549805	0.40464943647384644
GPR156	-	-	-	-	NA	classC	8.367950439453125	2.927964210510254
ADGRG7	-	-	-	-	NA	classB	10.871000289916992	-4.019598960876465
SMO	Coupled	-	-	-	Class Frizzled GPCRs	Frizzeled	9.0404634475708	1.7774467468261719
TSHR	Not-coupled	-	-	-	Glycoprotein hormone receptors	classA	9.146434783935547	-3.9392271041870117
RXFP1	Coupled	-	-	-	Relaxin family peptide receptors	classA	7.888738632202148	-4.476486682891846
RXFP2	Coupled	-	-	-	Relaxin family peptide receptors	classA	7.173913955688477	-5.230315208435059
GPR149	-	-	-	-	NA	classA	11.034727096557617	-0.5959420204162598
ADGRF2	-	-	-	-	NA	classB	7.3550848960876465	-3.356397867202759
FZD6	Coupled	-	-	-	Class Frizzled GPCRs	Frizzeled	6.696650981903076	-0.8577472567558289
LHCGR	Not-coupled	-	-	-	Glycoprotein hormone receptors	classA	8.22390365600586	-3.2049803733825684
ADGRF4	-	-	-	-	NA	classB	6.051846981048584	-3.03824520111084
FSHR	Coupled	-	-	-	Glycoprotein hormone receptors	classA	7.585419654846191	-4.045218467712402
FZD8	Not-coupled	-	-	-	Class Frizzled GPCRs	Frizzeled	7.986571311950684	3.9868288040161133
ADGRG1	Not-coupled	-	-	-	Adhesion Class GPCRs	classB	5.538521766662598	-0.5953682065010071
ADGRL4	-	-	-	-	NA	classB	8.287114143371582	-5.178091049194336
FZD3	Not-coupled	-	-	-	Class Frizzled GPCRs	Frizzeled	4.4901018142700195	-1.60610032081604
ADGRE3	-	-	-	-	NA	classB	6.0977325439453125	-1.662091851234436
FZD1	Coupled	-	-	-	Class Frizzled GPCRs	Frizzeled	5.962474346160889	2.6050972938537598
GPR50	-	-	-	-	NA	classA	4.873862266540527	0.31362587213516235
GPR37	Coupled	-	-	-	Class A Orphans	classA	8.070316314697266	1.6079058647155762
GPR153	-	-	-	-	NA	classA	6.712007999420166	4.5192484855651855
GPR107	-	-	-	-	NA	Other	5.589136123657227	0.35339030623435974
PTH1R	Not-coupled	-	Coupled	-	Parathyroid hormone receptors	classB	5.743062496185303	1.4689154624938965
FZD9	Coupled	-	-	-	Class Frizzled GPCRs	Frizzeled	5.0212602615356445	2.7411367893218994
CHRM3	Not-coupled	-	Coupled	-	Acetylcholine receptors (muscarinic)	classA	8.082507133483887	-0.8309145569801331
GPR162	-	-	-	-	NA	classA	7.010806560516357	3.9711203575134277
FZD5	Not-coupled	-	-	-	Class Frizzled GPCRs	Frizzeled	4.598031997680664	1.8438282012939453
FZD10	Not-coupled	-	-	-	Class Frizzled GPCRs	Frizzeled	3.6422040462493896	0.7065532207489014
FZD7	Coupled	-	-	-	Class Frizzled GPCRs	Frizzeled	3.064563751220703	1.9833014011383057
ADRA1D	Not-coupled	-	-	-	Adrenoceptors	classA	7.6551971435546875	3.9227471351623535
FZD2	Coupled	-	-	-	Class Frizzled GPCRs	Frizzeled	3.420569658279419	0.9398497939109802
ADGRA1	Not-coupled	-	-	-	Adhesion Class GPCRs	classB	6.103546142578125	4.413890361785889
GLP2R	Not-coupled	-	Coupled	-	Glucagon receptor family	classB	4.546532154083252	0.9148985147476196
PTH2R	-	-	-	-	NA	classB	4.026062965393066	-0.6216574907302856
ADGRG3	Coupled	-	-	-	Adhesion Class GPCRs	classB	2.754833459854126	1.1246471405029297
GPR75	Not-coupled	-	-	-	Class A Orphans	classA	5.797257423400879	-0.9639793634414673
FZD4	Not-coupled	-	-	-	Class Frizzled GPCRs	Frizzeled	2.829719305038452	0.5256956219673157
CHRM5	Not-coupled	-	-	-	Acetylcholine receptors (muscarinic)	classA	7.888461112976074	-0.34341663122177124
GPR161	-	-	-	-	NA	classA	2.3081657886505127	1.0390706062316895
ADGRG5	-	-	-	-	NA	classB	2.053981065750122	0.6513411402702332
NPFFR2	Coupled	-	Coupled	-	Neuropeptide FF/neuropeptide AF receptors	classA	2.5701353549957275	-0.8499707579612732
ADRA1B	Not-coupled	-	-	-	Adrenoceptors	classA	5.232975006103516	2.888693332672119
GPR176	-	-	-	-	NA	classA	5.480938911437988	-1.1336618661880493
GPR101	Not-coupled	-	-	-	Class A Orphans	classA	6.673365116119385	-0.13132601976394653
GPR135	-	-	-	-	NA	classA	4.5057477951049805	5.041353702545166
PTGER4	Coupled	-	Coupled	-	Prostanoid receptors	classA	3.884178876876831	2.1411468982696533
HRH1	Not-coupled	-	Coupled	-	Histamine receptors	classA	4.790175437927246	-0.1984865367412567
C3AR1	Not-coupled	-	-	-	Complement peptide receptors	classA	5.463754177093506	-0.7605503797531128
HTR2B	Not-coupled	-	Coupled	-	5-Hydroxytryptamine receptors	classA	1.9932900667190552	-1.4413361549377441
GPR37L1	Coupled	-	-	-	Class A Orphans	classA	4.148773670196533	2.299509048461914
CHRM4	Coupled	-	Coupled	-	Acetylcholine receptors (muscarinic)	classA	4.32700252532959	0.303187757730484
HTR7	Not-coupled	-	-	-	5-Hydroxytryptamine receptors	classA	3.4889535903930664	0.23396171629428864
OPN4	Coupled	-	-	-	Class A Orphans	classA	-0.09552621096372604	3.181920051574707
GCGR	Not-coupled	-	Coupled	-	Glucagon receptor family	classB	2.229567527770996	2.1881251335144043
DRD5	Not-coupled	-	Coupled	-	Dopamine receptors	classA	4.997094631195068	-0.16926787793636322
ADRB1	Coupled	-	Coupled	-	Adrenoceptors	classA	5.23861026763916	3.925480604171753
CALCR	Not-coupled	-	Coupled	-	Calcitonin receptors	classB	1.742301106452942	-1.9343584775924683
CNR1	Coupled	-	Coupled	-	Cannabinoid receptors	classA	2.034637212753296	-1.4830890893936157
HTR2A	Coupled	-	Coupled	-	5-Hydroxytryptamine receptors	classA	5.04074239730835	-1.726689100265503
GPR152	-	-	-	-	NA	classA	0.3447270691394806	5.621397495269775
RXFP3	Coupled	-	-	-	Relaxin family peptide receptors	classA	3.9510576725006104	2.4409918785095215
ADCYAP1R1	Not-coupled	-	-	-	VIP and PACAP receptors	classB	4.616420269012451	-2.043368101119995
GIPR	Not-coupled	-	Coupled	-	Glucagon receptor family	classB	1.413705825805664	2.6189048290252686
ADRA1A	Not-coupled	-	Not-coupled	-	Adrenoceptors	classA	2.830477476119995	0.31747138500213623
CHRM2	Coupled	-	Coupled	-	Acetylcholine receptors (muscarinic)	classA	5.3434576988220215	-1.3543329238891602
TACR3	Not-coupled	-	-	-	Tachykinin receptors	classA	0.03148200362920761	0.336980938911438
ADRA2A	Coupled	-	Coupled	-	Adrenoceptors	classA	3.8007113933563232	4.520217418670654
GLP1R	Not-coupled	-	Coupled	-	Glucagon receptor family	classB	2.2599141597747803	-0.10064423084259033
GPR142	-	-	-	-	NA	classA	2.696377992630005	2.8386354446411133
ADRA2C	Coupled	-	Coupled	-	Adrenoceptors	classA	4.417987823486328	4.663632869720459
CALCRL	-	-	-	-	NA	classB	3.1994717121124268	-2.6850013732910156
CHRM1	Not-coupled	-	Coupled	-	Acetylcholine receptors (muscarinic)	classA	3.7029240131378174	3.0917868614196777
HTR2C	Coupled	-	Coupled	-	5-Hydroxytryptamine receptors	classA	0.8719701170921326	-1.491297721862793
ADGRE4P	-	-	-	-	NA	classB	-0.8446459770202637	-0.134836345911026
VIPR1	Coupled	-	Coupled	-	VIP and PACAP receptors	classB	0.92104172706604	1.219835638999939
GPR39	Not-coupled	-	Coupled	-	Class A Orphans	classA	3.541309356689453	-0.9296668767929077
GPR61	Not-coupled	-	-	-	Class A Orphans	classA	0.97442227602005	2.5227420330047607
ADRA2B	Coupled	-	Coupled	-	Adrenoceptors	classA	3.1808371543884277	3.5888137817382812
CCKBR	Not-coupled	-	-	-	Cholecystokinin receptors	classA	0.6408323645591736	3.848829507827759
DRD1	Not-coupled	-	Coupled	-	Dopamine receptors	classA	4.790455341339111	-1.3717231750488281
NPY5R	Coupled	-	Coupled	-	Neuropeptide Y receptors	classA	3.43139386177063	-2.7229795455932617
HRH3	Coupled	-	-	-	Histamine receptors	classA	2.2660491466522217	4.1296916007995605
HCRTR2	Coupled	-	Coupled	-	Orexin receptors	classA	2.625486135482788	-1.9732820987701416
CRHR1	Not-coupled	-	Coupled	-	Corticotropin-releasing factor receptors	classB	1.187523365020752	-0.6953927874565125
DRD2	Coupled	-	Coupled	-	Dopamine receptors	classA	4.199725151062012	-2.2277426719665527
EDNRB	Coupled	-	-	-	Endothelin receptors	classA	2.788743734359741	0.05575598031282425
GPRC5C	-	-	-	-	NA	classC	-1.5747343301773071	3.4527297019958496
SCTR	Not-coupled	-	-	-	Glucagon receptor family	classB	0.8952823281288147	0.21894218027591705
HTR6	Not-coupled	-	-	-	5-Hydroxytryptamine receptors	classA	1.273635745048523	4.677789211273193
VIPR2	Not-coupled	-	-	-	VIP and PACAP receptors	classB	3.207366943359375	-0.8432030081748962
GPR150	-	-	-	-	NA	classA	5.529705047607422	6.687814712524414
GPR22	Coupled	-	-	-	Class A Orphans	classA	2.141993999481201	-4.196990013122559
QRFPR	Coupled	-	-	-	QRFP receptor	classA	-1.1393564939498901	-1.652242660522461
NPFFR1	Coupled	-	Coupled	-	Neuropeptide FF/neuropeptide AF receptors	classA	-0.3799595236778259	2.2695555686950684
CCKAR	Not-coupled	-	Coupled	-	Cholecystokinin receptors	classA	4.3021650314331055	-0.3710189461708069
EDNRA	Not-coupled	-	Coupled	-	Endothelin receptors	classA	2.558192491531372	-2.678889513015747
NMUR1	Not-coupled	-	-	-	Neuromedin U receptors	classA	-0.5501399040222168	2.468132734298706
HCRTR1	Coupled	-	-	-	Orexin receptors	classA	0.8602734208106995	1.242700219154358
F2R	-	-	Coupled	-	NA	classA	2.4178059101104736	-1.8744688034057617
AVPR1B	Not-coupled	-	-	-	Vasopressin and oxytocin receptors	classA	0.8124952912330627	2.877502202987671
OXER1	Coupled	-	-	-	Leukotriene receptors	classA	0.3376826345920563	3.394791603088379
GPR83	-	-	-	-	NA	classA	1.4464318752288818	-1.9062159061431885
GHRHR	Not-coupled	-	-	-	Glucagon receptor family	classB	3.431588649749756	0.29252123832702637
MCHR1	Coupled	-	-	-	Melanin-concentrating hormone receptors	classA	1.0933809280395508	2.084076404571533
HTR1A	Coupled	-	Coupled	-	5-Hydroxytryptamine receptors	classA	2.569697618484497	2.5817739963531494
GPR151	-	-	-	-	NA	classA	1.4966992139816284	2.0852949619293213
DRD4	Coupled	-	-	-	Dopamine receptors	classA	4.472498416900635	5.636313438415527
GPR63	-	-	-	-	NA	classA	-3.7735302448272705	-2.1383821964263916
NTSR1	Coupled	-	-	-	Neurotensin receptors	classA	2.2330434322357178	0.5291635990142822
SSTR3	Coupled	-	-	-	Somatostatin receptors	classA	0.052905213087797165	3.4383950233459473
AVPR1A	Not-coupled	-	Coupled	-	Vasopressin and oxytocin receptors	classA	3.4906749725341797	0.819536030292511
GPR137	-	-	-	-	NA	Other	-1.0717273950576782	3.5257928371429443
NMUR2	Not-coupled	-	-	-	Neuromedin U receptors	classA	-0.5408259630203247	-1.621457815170288
GPR19	-	-	-	-	NA	classA	4.200081825256348	-3.0346834659576416
ADRB2	Coupled	-	Not-coupled	-	Adrenoceptors	classA	2.2274272441864014	-0.9170434474945068
MLNR	Not-coupled	-	-	-	Motilin receptor	classA	-0.8613846898078918	4.0860443115234375
ADORA2A	Not-coupled	-	Not-coupled	-	Adenosine receptors	classA	-2.173401355743408	3.1668689250946045
CRHR2	Not-coupled	-	Coupled	-	Corticotropin-releasing factor receptors	classB	0.2218688726425171	-1.9107410907745361
NTSR2	Not-coupled	-	-	-	Neurotensin receptors	classA	-0.24211548268795013	2.736222743988037
ADRB3	Coupled	-	-	-	Adrenoceptors	classA	2.2063071727752686	4.622749328613281
TACR1	Not-coupled	-	-	-	Tachykinin receptors	classA	0.3174167275428772	-2.71566104888916
GPR143	-	-	-	-	NA	Other	0.9278385043144226	3.530672073364258
GPR182	-	-	-	-	NA	classA	-1.8582336902618408	-0.4165174067020416
GPRC5B	-	-	-	-	NA	classC	-5.411211967468262	3.2602574825286865
PTGER1	Coupled	-	Coupled	-	Prostanoid receptors	classA	0.12315788865089417	6.848341464996338
OPN3	-	-	-	-	NA	classA	-2.194822072982788	0.6378291249275208
DRD3	Coupled	-	-	-	Dopamine receptors	classA	3.073784589767456	-0.04789448902010918
OPRM1	Coupled	-	Coupled	-	Opioid receptors	classA	3.2337453365325928	-2.8268918991088867
BRS3	Not-coupled	-	-	-	Class A Orphans	classA	3.534034252166748	-2.030505895614624
TACR2	Not-coupled	-	-	-	Tachykinin receptors	classA	-3.845313787460327	0.7462774515151978
TRHR	Not-coupled	-	-	-	Thyrotropin-releasing hormone receptors	classA	1.6966848373413086	-3.8092455863952637
S1PR5	Coupled	-	-	-	Lysophospholipid (S1P) receptors	classA	-2.133509635925293	6.47594690322876
KISS1R	Not-coupled	-	-	-	Kisspeptin receptor	classA	1.7281279563903809	4.827790260314941
F2RL1	-	-	Coupled	-	NA	classA	-3.701113700866699	-0.4880509078502655
GPR84	Coupled	-	Not-coupled	-	Class A Orphans	classA	-0.750027596950531	2.555877208709717
PTGDR2	Coupled	-	-	-	Prostanoid receptors	classA	0.4322950839996338	2.6054282188415527
PROKR1	Not-coupled	-	-	-	Prokineticin receptors	classA	0.0966501384973526	-3.004420757293701
SSTR1	Coupled	-	-	-	Somatostatin receptors	classA	-2.3206021785736084	1.8126871585845947
BDKRB2	Coupled	-	Coupled	-	Bradykinin receptors	classA	-0.034481871873140335	-2.0457191467285156
PTGER3	Coupled	-	Coupled	-	Prostanoid receptors	classA	-0.5559161901473999	2.5599019527435303
HRH4	Coupled	-	-	-	Histamine receptors	classA	0.6703259348869324	-1.5365674495697021
NMBR	Not-coupled	-	-	-	Bombesin receptors	classA	1.3948283195495605	-1.0974841117858887
HTR1B	Coupled	-	Coupled	-	5-Hydroxytryptamine receptors	classA	2.8712379932403564	-1.24825119972229
OXTR	Coupled	-	Not-coupled	-	Vasopressin and oxytocin receptors	classA	-1.417043924331665	2.2969014644622803
UTS2R	Not-coupled	-	-	-	Urotensin receptor	classA	-1.4034936428070068	5.683828830718994
SSTR4	Coupled	-	-	-	Somatostatin receptors	classA	-3.3778858184814453	3.8397576808929443
HTR4	Not-coupled	-	-	-	5-Hydroxytryptamine receptors	classA	-0.0571480393409729	-1.349050760269165
HCAR3	Coupled	-	Coupled	-	Hydroxycarboxylic acid receptors	classA	-0.7991138100624084	-1.8010284900665283
GALR2	Coupled	-	-	-	Galanin receptors	classA	-2.3510119915008545	4.058794021606445
PTGIR	Coupled	-	-	-	Prostanoid receptors	classA	0.6167996525764465	5.175983905792236
F2RL3	-	-	-	-	NA	classA	-1.756537914276123	6.294736385345459
S1PR4	Coupled	-	-	-	Lysophospholipid (S1P) receptors	classA	-2.9950203895568848	4.644829750061035
NPY1R	Coupled	-	Coupled	-	Neuropeptide Y receptors	classA	0.25495946407318115	-3.922886610031128
GRPR	Not-coupled	-	-	-	Bombesin receptors	classA	1.4167964458465576	-2.7340967655181885
GPR88	-	-	-	-	NA	classA	0.022267162799835205	6.54283332824707
ACKR2	-	-	-	-	NA	classA	-4.435504913330078	0.9002590775489807
PROKR2	Coupled	-	-	-	Prokineticin receptors	classA	-1.1067756414413452	-2.1888346672058105
S1PR1	Coupled	-	Coupled	-	Lysophospholipid (S1P) receptors	classA	-1.5212681293487549	-1.2506028413772583
NPY2R	Coupled	-	-	-	Neuropeptide Y receptors	classA	0.0224356260150671	-0.9433014392852783
GPR34	Coupled	-	-	-	Class A Orphans	classA	-1.1198443174362183	-3.526477813720703
GPR132	Not-coupled	-	-	-	Class A Orphans	classA	0.22880764305591583	-0.7104343771934509
APLNR	Coupled	-	Coupled	-	Apelin receptor	classA	-0.7596595287322998	0.658613920211792
OPRK1	Coupled	-	Coupled	-	Opioid receptors	classA	0.7438050508499146	-2.3024444580078125
CCR7	Coupled	-	-	-	Chemokine receptors	classA	-2.120058536529541	-3.161099672317505
MAS1L	-	-	-	-	NA	classA	-2.533905267715454	-1.1628698110580444
S1PR3	Coupled	-	-	-	Lysophospholipid (S1P) receptors	classA	-2.4057576656341553	0.07150587439537048
HTR1D	Coupled	-	Coupled	-	5-Hydroxytryptamine receptors	classA	0.2947387993335724	-0.4907533526420593
P2RY2	Coupled	-	Coupled	-	P2Y receptors	classA	0.4066144824028015	1.645004391670227
GPR27	Not-coupled	-	-	-	Class A Orphans	classA	-2.0835559368133545	5.924310207366943
NPY4R	Coupled	-	-	-	Neuropeptide Y receptors	classA	-1.6160862445831299	-1.458564043045044
GPER1	Coupled	-	-	-	G protein-coupled estrogen receptor	classA	-1.5599745512008667	-0.3005775213241577
P2RY11	Not-coupled	-	-	-	P2Y receptors	classA	2.1104331016540527	4.6042866706848145
CCR6	Coupled	-	Coupled	-	Chemokine receptors	classA	-0.4364830553531647	-2.4936954975128174
RXFP4	Coupled	-	-	-	Relaxin family peptide receptors	classA	-5.860862731933594	4.124821186065674
CCR2	Coupled	-	-	-	Chemokine receptors	classA	-4.225952625274658	0.2528080940246582
F2RL2	-	-	-	-	NA	classA	-3.2600345611572266	-2.5331833362579346
GPR173	-	-	-	-	NA	classA	-3.6546387672424316	2.377471923828125
P2RY1	Coupled	-	-	-	P2Y receptors	classA	-2.911494731903076	-0.6664407849311829
CMKLR1	Coupled	-	-	-	Chemerin receptor	classA	-1.5146626234054565	-2.9600720405578613
TPRA1	-	-	-	-	NA	Other	-2.631793975830078	1.3284292221069336
OPRD1	Coupled	-	Coupled	-	Opioid receptors	classA	-1.551712155342102	2.1259191036224365
LPAR5	Not-coupled	-	-	-	Lysophospholipid (LPA) receptors	classA	-1.2264169454574585	2.5584468841552734
GPR45	-	-	-	-	NA	classA	-1.9992806911468506	-1.4456058740615845
CXCR5	Coupled	-	Coupled	-	Chemokine receptors	classA	-2.4553921222686768	0.11618420481681824
NPSR1	Not-coupled	-	-	-	Neuropeptide S receptor	classA	1.59854257106781	-3.4972422122955322
AVPR2	Not-coupled	-	-	-	Vasopressin and oxytocin receptors	classA	0.21461813151836395	4.419334888458252
LPAR4	Coupled	-	-	-	Lysophospholipid (LPA) receptors	classA	2.307363986968994	-4.0278520584106445
PRLHR	-	-	-	-	NA	classA	-5.501330375671387	1.7381929159164429
OPRL1	Coupled	-	Coupled	-	Opioid receptors	classA	-2.171511173248291	0.4340076446533203
GPR85	-	-	-	-	NA	classA	-2.7961671352386475	-0.17487283051013947
SSTR2	Coupled	-	Coupled	-	Somatostatin receptors	classA	-2.255110502243042	-1.3253607749938965
CCR9	Coupled	-	-	-	Chemokine receptors	classA	-0.19235306978225708	-3.9068198204040527
GALR3	Coupled	-	-	-	Galanin receptors	classA	-2.629812002182007	6.120602607727051
CXCR3	Coupled	-	-	-	Chemokine receptors	classA	-2.107300043106079	2.4922494888305664
GPR62	-	-	-	-	NA	classA	1.689432978630066	7.93215274810791
GPR17	Coupled	-	-	-	Class A Orphans	classA	-1.0422316789627075	0.5922189950942993
HTR1F	Coupled	-	-	-	5-Hydroxytryptamine receptors	classA	2.0570244789123535	-2.412238359451294
GHSR	Coupled	-	Coupled	-	Ghrelin receptor	classA	-1.383467674255371	-0.07504639774560928
GPR68	Coupled	-	Coupled	-	Class A Orphans	classA	1.3884340524673462	-0.08449091017246246
HTR1E	Coupled	-	-	-	5-Hydroxytryptamine receptors	classA	1.4461241960525513	-2.8693995475769043
P2RY4	Not-coupled	-	-	-	P2Y receptors	classA	-1.1198203563690186	1.0735793113708496
SSTR5	Coupled	-	-	-	Somatostatin receptors	classA	-2.8563389778137207	3.6989569664001465
OPN1LW	-	-	-	-	NA	classA	-1.1995775699615479	0.6356509327888489
LPAR1	Coupled	-	Not-coupled	-	Lysophospholipid (LPA) receptors	classA	-3.312861204147339	-1.580167293548584
OPN1MW	-	-	-	-	NA	classA	-1.483020305633545	0.7752062678337097
HCAR2	Coupled	-	Coupled	-	Hydroxycarboxylic acid receptors	classA	-1.8120728731155396	-1.5701206922531128
GPR78	Not-coupled	-	-	-	Class A Orphans	classA	1.132049798965454	3.9309449195861816
AGTR2	Coupled	-	-	-	Angiotensin receptors	classA	-4.254730224609375	-0.9628019332885742
MTNR1B	Coupled	-	Coupled	-	Melatonin receptors	classA	-4.112226963043213	1.6774250268936157
GPR4	Coupled	-	Not-coupled	-	Class A Orphans	classA	0.5460570454597473	0.9945363402366638
GPR6	Coupled	-	-	-	Class A Orphans	classA	-2.821650266647339	4.666229724884033
CCR10	Coupled	-	-	-	Chemokine receptors	classA	0.7582486271858215	6.345841407775879
ACKR3	-	-	-	-	NA	classA	0.8318213820457458	-5.414802551269531
GPR52	-	-	-	-	NA	classA	0.18846186995506287	-3.7276129722595215
GPR183	Coupled	-	Coupled	-	Class A Orphans	classA	0.05864117294549942	-3.165804386138916
GPR25	-	-	-	-	NA	classA	-0.8689666986465454	5.361159324645996
FFAR4	Not-coupled	-	-	-	Free fatty acid receptors	classA	-5.792392253875732	0.3469708561897278
GPR15	-	-	-	-	NA	classA	0.17264042794704437	-1.8480654954910278
CCR4	Coupled	-	-	-	Chemokine receptors	classA	-4.09050989151001	-2.062270164489746
CNR2	Coupled	-	Coupled	-	Cannabinoid receptors	classA	-1.9780129194259644	2.2727506160736084
CXCR2	Coupled	-	Coupled	-	Chemokine receptors	classA	-4.428060054779053	-0.2536797523498535
PTGDR	Not-coupled	-	-	-	Prostanoid receptors	classA	-1.7118991613388062	2.2008063793182373
P2RY8	-	-	-	-	NA	classA	-4.077662944793701	0.4211263954639435
HRH2	Not-coupled	-	Coupled	-	Histamine receptors	classA	-0.7633860111236572	-0.3786439001560211
AGTR1	Coupled	-	Coupled	-	Angiotensin receptors	classA	-5.146853923797607	-1.6300235986709595
PTGFR	Not-coupled	-	Coupled	-	Prostanoid receptors	classA	-3.7867319583892822	-0.10623010993003845
LTB4R2	Coupled	-	Coupled	-	Leukotriene receptors	classA	-4.03385066986084	7.689931392669678
GPR87	-	-	-	-	NA	classA	0.607014536857605	-3.9242959022521973
GPR20	Coupled	-	-	-	Class A Orphans	classA	-3.151219367980957	2.8029420375823975
PTGER2	Not-coupled	-	Not-coupled	-	Prostanoid receptors	classA	-0.7455911040306091	2.1290037631988525
GPRC5A	-	-	-	-	NA	classC	-4.517407417297363	2.0940401554107666
HTR5A	Coupled	-	-	-	5-Hydroxytryptamine receptors	classA	-0.3082788288593292	0.18148589134216309
GPR32	-	-	-	-	NA	classA	-4.247347354888916	1.0798146724700928
CX3CR1	Coupled	-	-	-	Chemokine receptors	classA	-3.532297134399414	-1.6090036630630493
CCR3	Coupled	-	-	-	Chemokine receptors	classA	-6.214791297912598	-2.5752317905426025
CCR1	Coupled	-	-	-	Chemokine receptors	classA	-6.0088911056518555	-1.714142918586731
CMKLR2	-	-	-	-	NA	classA	-4.632243633270264	-3.254404067993164
CCR8	Coupled	-	-	-	Chemokine receptors	classA	-2.349527359008789	-4.585943222045898
P2RY13	Coupled	-	-	-	P2Y receptors	classA	-0.12320596724748611	-2.985447406768799
OPN5	Coupled	-	-	-	Class A Orphans	classA	-3.2803521156311035	1.1057844161987305
LPAR3	Coupled	-	-	-	Lysophospholipid (LPA) receptors	classA	-1.6903507709503174	-1.801063060760498
GPR139	Not-coupled	-	-	-	Class A Orphans	classA	-2.511986494064331	-3.540227174758911
BDKRB1	Coupled	-	Coupled	-	Bradykinin receptors	classA	-4.9798736572265625	0.2627825438976288
FPR3	Coupled	-	-	-	Formylpeptide receptors	classA	-6.6464056968688965	-1.5972975492477417
S1PR2	Not-coupled	-	-	-	Lysophospholipid (S1P) receptors	classA	-4.288857936859131	1.3226288557052612
LTB4R	Coupled	-	Coupled	-	Leukotriene receptors	classA	-5.370345592498779	5.515279293060303
CCR5	Coupled	-	Coupled	-	Chemokine receptors	classA	-5.341416358947754	-2.1482183933258057
CXCR4	Coupled	-	Coupled	-	Chemokine receptors	classA	-2.1492669582366943	-1.0479567050933838
TAAR2	Not-coupled	-	-	-	Class A Orphans	classA	-3.5806140899658203	-1.3110827207565308
LPAR2	Coupled	-	Coupled	-	Lysophospholipid (LPA) receptors	classA	-4.7552080154418945	1.9695159196853638
FPR2	Coupled	-	-	-	Leukotriene receptors	classA	-7.722626686096191	0.882244884967804
MTNR1A	Coupled	-	Coupled	-	Melatonin receptors	classA	-4.9498209953308105	-0.6548383235931396
FPR1	Coupled	-	-	-	Formylpeptide receptors	classA	-6.01756477355957	0.7251254320144653
CXCR1	Coupled	-	-	-	Chemokine receptors	classA	-4.75155782699585	-0.7592534422874451
C5AR1	Coupled	-	Coupled	-	Complement peptide receptors	classA	-5.262195110321045	0.2797664999961853
ACKR4	-	-	-	-	NA	classA	-3.567850112915039	-2.5489253997802734
GALR1	Coupled	-	-	-	Galanin receptors	classA	-1.5130435228347778	0.4374293088912964
GPR21	Not-coupled	-	-	-	Class A Orphans	classA	-0.2485796958208084	-3.2127602100372314
RHO	-	-	-	-	NA	classA	-4.7647199630737305	0.08009111881256104
OPN1SW	-	-	-	-	NA	classA	-2.813055992126465	-0.006388832814991474
TAAR9	-	-	-	-	NA	classA	0.5749709606170654	-2.1206514835357666
GPR148	-	-	-	-	NA	classA	-5.763470649719238	2.1277670860290527
GPR42	Not-coupled	-	-	-	Free fatty acid receptors	classA	-3.034569263458252	2.102616310119629
HCAR1	Coupled	-	-	-	Hydroxycarboxylic acid receptors	classA	-0.8852964639663696	-0.452247679233551
FFAR3	Coupled	-	Coupled	-	Free fatty acid receptors	classA	-3.0856690406799316	2.463264226913452
CYSLTR2	Coupled	-	Coupled	-	Leukotriene receptors	classA	-4.067841053009033	-1.8569600582122803
GPRC5D	-	-	-	-	NA	classC	-5.31516170501709	-0.2995235323905945
TAAR6	Not-coupled	-	-	-	NA	classA	-0.731003999710083	-2.389897108078003
LPAR6	Coupled	-	-	-	Lysophospholipid (LPA) receptors	classA	2.103994131088257	-6.159843444824219
CCRL2	-	-	-	-	NA	classA	0.10661326348781586	-1.3811655044555664
TAAR3P	-	-	-	-	NA	classA	-0.008996132761240005	-2.194040536880493
MRGPRF	-	-	-	-	NA	classA	-3.8086163997650146	1.9257856607437134
TBXA2R	Not-coupled	-	-	-	Prostanoid receptors	classA	-5.275218486785889	5.279782772064209
CXCR6	Coupled	-	-	-	Chemokine receptors	classA	-4.121983528137207	-2.9083571434020996
P2RY12	Not-coupled	-	-	-	P2Y receptors	classA	0.545686662197113	-3.7829701900482178
TAAR8	-	-	-	-	NA	classA	-0.7786389589309692	-2.8891708850860596
PTAFR	Coupled	-	-	-	Platelet-activating factor receptor	classA	-2.4618723392486572	-3.127831220626831
MCHR2	Not-coupled	-	-	-	Melanin-concentrating hormone receptors	classA	-1.2017277479171753	-2.2632713317871094
P2RY10	-	-	-	-	NA	classA	-3.0280489921569824	-2.2076809406280518
TAAR1	Not-coupled	-	-	-	Trace amine receptor	classA	-3.271919012069702	-3.500626564025879
GPR160	-	-	-	-	NA	classA	-3.0096116065979004	-6.14846134185791
P2RY14	Coupled	-	-	-	P2Y receptors	classA	-2.3204221725463867	-3.448427438735962
OXGR1	Not-coupled	-	-	-	Oxoglutarate receptor	classA	0.41593217849731445	-4.6163458824157715
GPR65	Not-coupled	-	Coupled	-	Class A Orphans	classA	3.829603672027588	-4.93137788772583
GPR26	Not-coupled	-	-	-	Class A Orphans	classA	0.27817970514297485	0.8903020024299622
CYSLTR1	Coupled	-	Coupled	-	Leukotriene receptors	classA	-0.24533939361572266	-3.878364086151123
C5AR2	Not-coupled	-	-	-	Complement peptide receptors	classA	-2.294041156768799	4.598269462585449
TAAR5	-	-	-	-	NA	classA	-4.780399799346924	-1.146209478378296
GPR82	-	-	-	-	NA	classA	-1.7546387910842896	-2.7198405265808105
ACKR1	-	-	-	-	NA	classA	-3.519463062286377	4.943531036376953
GPR157	-	-	-	-	NA	classB	-2.337937593460083	3.6105918884277344
GPR119	Not-coupled	-	-	-	GPR18, GPR55 and GPR119	classA	-5.791929244995117	1.705827236175537
GPR12	Coupled	-	-	-	Class A Orphans	classA	-3.247467279434204	-0.4563637971878052
SUCNR1	Coupled	-	-	-	Succinate receptor	classA	-4.677829742431641	-2.5375821590423584
GPR33	Coupled	-	-	-	Class A Orphans	classA	-2.9446592330932617	-2.151121139526367
GPR146	-	-	-	-	NA	classA	-1.0055667161941528	2.309178590774536
NPBWR2	Coupled	-	-	-	Neuropeptide W/neuropeptide B receptors	classA	-3.9482104778289795	0.8581656813621521
GPR174	-	-	-	-	NA	classA	-2.48079776763916	-2.5213842391967773
XCR1	Coupled	-	-	-	Chemokine receptors	classA	-3.5889358520507812	-3.1719915866851807
MC4R	Not-coupled	-	Not-coupled	-	Melanocortin receptors	classA	-3.5174241065979004	-3.031372547149658
ADORA2B	Not-coupled	-	Not-coupled	-	Adenosine receptors	classA	-3.3022708892822266	0.6188634037971497
GPR18	Coupled	-	-	-	GPR18, GPR55 and GPR119	classA	-5.145418167114258	-2.7886922359466553
MRGPRX2	Coupled	-	-	-	Class A Orphans	classA	-5.806619644165039	-0.13770541548728943
FFAR2	Coupled	-	Not-coupled	-	Free fatty acid receptors	classA	-5.761473655700684	1.9576752185821533
GPR3	Not-coupled	-	-	-	Class A Orphans	classA	-6.047504425048828	3.409130573272705
GPBAR1	Not-coupled	-	Not-coupled	-	Bile acid receptor	classA	-1.8847503662109375	6.368200778961182
P2RY6	Not-coupled	-	-	-	P2Y receptors	classA	-0.7727436423301697	2.727782726287842
GNRHR	Coupled	-	Not-coupled	-	Gonadotrophin-releasing hormone receptors	classA	-1.850332260131836	-1.164023756980896
NPBWR1	Coupled	-	-	-	Neuropeptide W/neuropeptide B receptors	classA	-3.4413180351257324	0.7776804566383362
ADORA1	Coupled	-	Coupled	-	Adenosine receptors	classA	-6.514028072357178	0.47051769495010376
MC5R	Not-coupled	-	-	-	Melanocortin receptors	classA	-5.159144878387451	-2.430117130279541
MAS1	Coupled	-	-	-	Class A Orphans	classA	-1.9141027927398682	-4.19424295425415
MC3R	Not-coupled	-	Coupled	-	Melanocortin receptors	classA	-4.631071090698242	-3.702939748764038
MRGPRX4	Not-coupled	-	-	-	Class A Orphans	classA	-5.684669494628906	-0.2820916771888733
MRGPRX3	Not-coupled	-	-	-	Class A Orphans	classA	-5.0368170738220215	-0.5292593836784363
MRGPRX1	Not-coupled	-	-	-	Class A Orphans	classA	-6.283436298370361	-0.586615264415741
MRGPRD	Coupled	-	-	-	Class A Orphans	classA	-2.7849085330963135	0.5049253106117249
GPR31	Coupled	-	-	-	Class A Orphans	classA	-3.476736307144165	2.9270412921905518
GPR55	Not-coupled	-	-	-	GPR18, GPR55 and GPR119	classA	-1.9008736610412598	-3.144587993621826
GPR171	-	-	-	-	NA	classA	-1.1422538757324219	-3.974452257156372
ADORA3	Coupled	-	Coupled	-	Adenosine receptors	classA	-8.453075408935547	-3.005652904510498
MC1R	Not-coupled	-	-	-	Melanocortin receptors	classA	-6.951990127563477	0.7880903482437134
MRGPRE	-	-	-	-	NA	classA	-6.612086296081543	3.724505662918091
GPR35	-	-	-	-	NA	classA	-1.6121429204940796	1.5483201742172241
GPR141	-	-	-	-	NA	classA	-9.29858112335205	-5.246881484985352
FFAR1	Coupled	-	-	-	Free fatty acid receptors	classA	-2.399970054626465	6.249328136444092
MC2R	Not-coupled	-	-	-	Melanocortin receptors	classA	-6.583045482635498	-3.4664041996002197
GNRHR2	-	-	-	-	NA	classA	-1.1130125522613525	2.7722361087799072
NPY6R	-	-	-	-	NA	classA	-0.5326976776123047	-3.1376147270202637
MRGPRG	-	-	-	-	NA	classA	-4.647654056549072	3.8563084602355957
TAS2R38	-	-	-	-	NA	Taste	-3.8918845653533936	-2.68890643119812
TAS2R39	-	-	-	-	NA	Taste	-6.0174431800842285	-1.3191397190093994
TAS2R40	-	-	-	-	NA	Taste	-6.8476386070251465	-0.8207706212997437
TAS2R41	-	-	-	-	NA	Taste	-9.537036895751953	-0.6540201902389526
TAS2R43	-	-	-	-	NA	Taste	-6.419918060302734	-2.337210178375244
TAS2R31	-	-	-	-	NA	Taste	-5.596177577972412	-1.5760473012924194
TAS2R45	-	-	-	-	NA	Taste	-5.157159328460693	-2.5467941761016846
TAS2R46	-	-	-	-	NA	Taste	-6.773876190185547	-2.309647560119629
TAS2R30	-	-	-	-	NA	Taste	-6.086272239685059	-2.9917094707489014
TAS2R19	-	-	-	-	NA	Taste	-7.1203227043151855	-2.538137912750244
TAS2R20	-	-	-	-	NA	Taste	-8.50455379486084	-2.131033420562744
TAS2R50	-	-	-	-	NA	Taste	-8.337709426879883	-2.4008777141571045
TAS2R60	-	-	-	-	NA	Taste	-7.266703128814697	-0.1286417692899704
TAS2R42	-	-	-	-	NA	Taste	-7.264631271362305	-3.0275003910064697
TAS2R16	-	-	-	-	NA	Taste	-7.720455169677734	-4.191882610321045
TAS2R14	-	-	-	-	NA	Taste	-5.920686721801758	-2.158997058868408
TAS2R13	-	-	-	-	NA	Taste	-9.704703330993652	-2.652970314025879
TAS2R10	-	-	-	-	NA	Taste	-8.02571964263916	-2.3738551139831543
TAS2R9	-	-	-	-	NA	Taste	-9.872556686401367	-1.796714425086975
TAS2R8	-	-	-	-	NA	Taste	-8.843310356140137	-3.8163883686065674
TAS2R7	-	-	-	-	NA	Taste	-4.554159164428711	-2.39089298248291
TAS2R5	-	-	-	-	NA	Taste	-7.154521942138672	0.27085480093955994
TAS2R4	-	-	-	-	NA	Taste	-4.5163893699646	-3.5271058082580566
TAS2R3	-	-	-	-	NA	Taste	-6.429616928100586	-0.5491526126861572
TAS2R1	-	-	-	-	NA	Taste	-10.855013847351074	-1.9235438108444214
